,GEO.id,GEO.id2,GEO.display-label,HC01_EST_VC01,HC03_EST_VC01,HC04_EST_VC01
0,Id,Id2,Geography,Total; Estimate; Population 16 years and over,Employment/Population Ratio; Estimate; Population 16 years and over,Unemployment rate; Estimate; Population 16 years and over
1,1400000US08001007801,08001007801,"Census Tract 78.01, Adams County, Colorado",2771,62.7,6.7
2,1400000US08001007802,08001007802,"Census Tract 78.02, Adams County, Colorado",2876,49.0,24.6
3,1400000US08001007900,08001007900,"Census Tract 79, Adams County, Colorado",4264,60.5,12.1
4,1400000US08001008000,08001008000,"Census Tract 80, Adams County, Colorado",4709,58.2,10.8
5,1400000US08001008100,08001008100,"Census Tract 81, Adams County, Colorado",1215,44.0,5.1
6,1400000US08001008200,08001008200,"Census Tract 82, Adams County, Colorado",3782,51.9,8.7
7,1400000US08001008308,08001008308,"Census Tract 83.08, Adams County, Colorado",3933,58.8,11.4
8,1400000US08001008309,08001008309,"Census Tract 83.09, Adams County, Colorado",2527,56.9,13.8
9,1400000US08001008353,08001008353,"Census Tract 83.53, Adams County, Colorado",4702,70.9,7.8
10,1400000US08001008401,08001008401,"Census Tract 84.01, Adams County, Colorado",3279,65.8,8.4
11,1400000US08001008402,08001008402,"Census Tract 84.02, Adams County, Colorado",3487,65.6,6.2
12,1400000US08001008505,08001008505,"Census Tract 85.05, Adams County, Colorado",5530,62.7,7.0
13,1400000US08001008506,08001008506,"Census Tract 85.06, Adams County, Colorado",4892,60.1,10.4
14,1400000US08001008507,08001008507,"Census Tract 85.07, Adams County, Colorado",5631,65.7,10.1
15,1400000US08001008508,08001008508,"Census Tract 85.08, Adams County, Colorado",4229,69.9,7.1
16,1400000US08001008523,08001008523,"Census Tract 85.23, Adams County, Colorado",5525,70.9,4.6
17,1400000US08001008524,08001008524,"Census Tract 85.24, Adams County, Colorado",5631,76.3,7.0
18,1400000US08001008526,08001008526,"Census Tract 85.26, Adams County, Colorado",5453,71.7,3.1
19,1400000US08001008529,08001008529,"Census Tract 85.29, Adams County, Colorado",5896,69.9,9.0
20,1400000US08001008533,08001008533,"Census Tract 85.33, Adams County, Colorado",5945,75.7,6.1
21,1400000US08001008534,08001008534,"Census Tract 85.34, Adams County, Colorado",3592,73.6,5.3
22,1400000US08001008535,08001008535,"Census Tract 85.35, Adams County, Colorado",2410,78.9,1.6
23,1400000US08001008536,08001008536,"Census Tract 85.36, Adams County, Colorado",1954,78.8,1.9
24,1400000US08001008537,08001008537,"Census Tract 85.37, Adams County, Colorado",4298,70.8,6.5
25,1400000US08001008538,08001008538,"Census Tract 85.38, Adams County, Colorado",4272,72.4,1.8
26,1400000US08001008539,08001008539,"Census Tract 85.39, Adams County, Colorado",5992,79.9,4.2
27,1400000US08001008540,08001008540,"Census Tract 85.40, Adams County, Colorado",5021,78.7,2.5
28,1400000US08001008541,08001008541,"Census Tract 85.41, Adams County, Colorado",3806,64.7,4.8
29,1400000US08001008542,08001008542,"Census Tract 85.42, Adams County, Colorado",5066,73.0,6.3
30,1400000US08001008543,08001008543,"Census Tract 85.43, Adams County, Colorado",6147,63.0,5.6
31,1400000US08001008544,08001008544,"Census Tract 85.44, Adams County, Colorado",3142,72.9,4.7
32,1400000US08001008545,08001008545,"Census Tract 85.45, Adams County, Colorado",5563,67.1,4.5
33,1400000US08001008546,08001008546,"Census Tract 85.46, Adams County, Colorado",2378,70.9,10.4
34,1400000US08001008547,08001008547,"Census Tract 85.47, Adams County, Colorado",3077,64.0,8.3
35,1400000US08001008548,08001008548,"Census Tract 85.48, Adams County, Colorado",1123,80.2,1.5
36,1400000US08001008549,08001008549,"Census Tract 85.49, Adams County, Colorado",3161,75.3,7.9
37,1400000US08001008550,08001008550,"Census Tract 85.50, Adams County, Colorado",5873,66.1,4.4
38,1400000US08001008551,08001008551,"Census Tract 85.51, Adams County, Colorado",1036,68.9,0.4
39,1400000US08001008603,08001008603,"Census Tract 86.03, Adams County, Colorado",1637,61.9,11.6
40,1400000US08001008604,08001008604,"Census Tract 86.04, Adams County, Colorado",4194,41.6,7.0
41,1400000US08001008605,08001008605,"Census Tract 86.05, Adams County, Colorado",2793,63.0,3.4
42,1400000US08001008606,08001008606,"Census Tract 86.06, Adams County, Colorado",4976,64.1,6.3
43,1400000US08001008705,08001008705,"Census Tract 87.05, Adams County, Colorado",3936,47.2,7.0
44,1400000US08001008706,08001008706,"Census Tract 87.06, Adams County, Colorado",3945,56.7,7.1
45,1400000US08001008709,08001008709,"Census Tract 87.09, Adams County, Colorado",5908,49.7,20.0
46,1400000US08001008801,08001008801,"Census Tract 88.01, Adams County, Colorado",3850,57.7,10.9
47,1400000US08001008802,08001008802,"Census Tract 88.02, Adams County, Colorado",3218,54.8,12.1
48,1400000US08001008901,08001008901,"Census Tract 89.01, Adams County, Colorado",1729,55.8,8.2
49,1400000US08001009001,08001009001,"Census Tract 90.01, Adams County, Colorado",3529,56.9,8.2
50,1400000US08001009002,08001009002,"Census Tract 90.02, Adams County, Colorado",7080,63.6,7.8
51,1400000US08001009101,08001009101,"Census Tract 91.01, Adams County, Colorado",3467,65.1,12.5
52,1400000US08001009103,08001009103,"Census Tract 91.03, Adams County, Colorado",2399,65.0,4.5
53,1400000US08001009104,08001009104,"Census Tract 91.04, Adams County, Colorado",4150,71.4,7.3
54,1400000US08001009202,08001009202,"Census Tract 92.02, Adams County, Colorado",3190,64.6,12.0
55,1400000US08001009203,08001009203,"Census Tract 92.03, Adams County, Colorado",2934,71.8,8.7
56,1400000US08001009204,08001009204,"Census Tract 92.04, Adams County, Colorado",5420,75.7,3.2
57,1400000US08001009206,08001009206,"Census Tract 92.06, Adams County, Colorado",1621,69.8,6.1
58,1400000US08001009207,08001009207,"Census Tract 92.07, Adams County, Colorado",3363,66.5,6.6
59,1400000US08001009304,08001009304,"Census Tract 93.04, Adams County, Colorado",5063,71.5,6.0
60,1400000US08001009306,08001009306,"Census Tract 93.06, Adams County, Colorado",3037,59.2,8.9
61,1400000US08001009307,08001009307,"Census Tract 93.07, Adams County, Colorado",3146,66.6,5.2
62,1400000US08001009308,08001009308,"Census Tract 93.08, Adams County, Colorado",3465,64.4,10.1
63,1400000US08001009309,08001009309,"Census Tract 93.09, Adams County, Colorado",2937,62.8,10.0
64,1400000US08001009310,08001009310,"Census Tract 93.10, Adams County, Colorado",4428,62.2,11.6
65,1400000US08001009316,08001009316,"Census Tract 93.16, Adams County, Colorado",5104,57.7,10.6
66,1400000US08001009318,08001009318,"Census Tract 93.18, Adams County, Colorado",4345,65.3,9.2
67,1400000US08001009319,08001009319,"Census Tract 93.19, Adams County, Colorado",1872,62.9,6.8
68,1400000US08001009320,08001009320,"Census Tract 93.20, Adams County, Colorado",2081,67.7,12.9
69,1400000US08001009321,08001009321,"Census Tract 93.21, Adams County, Colorado",2864,65.4,3.1
70,1400000US08001009322,08001009322,"Census Tract 93.22, Adams County, Colorado",3110,59.4,11.4
71,1400000US08001009323,08001009323,"Census Tract 93.23, Adams County, Colorado",3037,67.1,9.4
72,1400000US08001009325,08001009325,"Census Tract 93.25, Adams County, Colorado",4314,65.0,10.6
73,1400000US08001009326,08001009326,"Census Tract 93.26, Adams County, Colorado",2190,68.9,4.6
74,1400000US08001009327,08001009327,"Census Tract 93.27, Adams County, Colorado",3182,64.9,10.2
75,1400000US08001009401,08001009401,"Census Tract 94.01, Adams County, Colorado",4133,57.5,14.4
76,1400000US08001009406,08001009406,"Census Tract 94.06, Adams County, Colorado",3643,64.8,6.6
77,1400000US08001009407,08001009407,"Census Tract 94.07, Adams County, Colorado",4438,64.3,14.1
78,1400000US08001009408,08001009408,"Census Tract 94.08, Adams County, Colorado",3281,77.0,2.3
79,1400000US08001009409,08001009409,"Census Tract 94.09, Adams County, Colorado",4466,66.0,2.7
80,1400000US08001009410,08001009410,"Census Tract 94.10, Adams County, Colorado",2553,58.2,5.2
81,1400000US08001009411,08001009411,"Census Tract 94.11, Adams County, Colorado",2489,69.3,6.5
82,1400000US08001009501,08001009501,"Census Tract 95.01, Adams County, Colorado",2283,68.1,6.1
83,1400000US08001009502,08001009502,"Census Tract 95.02, Adams County, Colorado",3599,59.9,10.5
84,1400000US08001009553,08001009553,"Census Tract 95.53, Adams County, Colorado",2378,62.0,9.5
85,1400000US08001009603,08001009603,"Census Tract 96.03, Adams County, Colorado",4378,64.4,9.1
86,1400000US08001009604,08001009604,"Census Tract 96.04, Adams County, Colorado",3670,55.1,16.0
87,1400000US08001009606,08001009606,"Census Tract 96.06, Adams County, Colorado",2178,60.1,9.4
88,1400000US08001009607,08001009607,"Census Tract 96.07, Adams County, Colorado",4084,58.3,13.8
89,1400000US08001009608,08001009608,"Census Tract 96.08, Adams County, Colorado",2716,69.5,8.1
90,1400000US08001009751,08001009751,"Census Tract 97.51, Adams County, Colorado",2961,64.3,10.2
91,1400000US08001009752,08001009752,"Census Tract 97.52, Adams County, Colorado",2379,58.9,9.6
92,1400000US08001015000,08001015000,"Census Tract 150, Adams County, Colorado",2211,49.5,15.7
93,1400000US08001060000,08001060000,"Census Tract 600, Adams County, Colorado",3635,76.8,5.9
94,1400000US08001060100,08001060100,"Census Tract 601, Adams County, Colorado",5242,62.5,7.4
95,1400000US08001060200,08001060200,"Census Tract 602, Adams County, Colorado",2829,74.8,7.4
96,1400000US08001061200,08001061200,"Census Tract 612, Adams County, Colorado",1165,81.5,6.5
97,1400000US08001988700,08001988700,"Census Tract 9887, Adams County, Colorado",0,-,-
98,1400000US08003960000,08003960000,"Census Tract 9600, Alamosa County, Colorado",1239,58.8,4.2
99,1400000US08003960100,08003960100,"Census Tract 9601, Alamosa County, Colorado",2122,57.5,2.2
100,1400000US08003960200,08003960200,"Census Tract 9602, Alamosa County, Colorado",5618,48.8,12.5
101,1400000US08003960300,08003960300,"Census Tract 9603, Alamosa County, Colorado",3607,44.1,15.0
102,1400000US08005004951,08005004951,"Census Tract 49.51, Arapahoe County, Colorado",1975,81.1,6.4
103,1400000US08005004952,08005004952,"Census Tract 49.52, Arapahoe County, Colorado",2448,80.9,6.2
104,1400000US08005005551,08005005551,"Census Tract 55.51, Arapahoe County, Colorado",2705,62.6,9.8
105,1400000US08005005552,08005005552,"Census Tract 55.52, Arapahoe County, Colorado",2036,52.0,13.3
106,1400000US08005005553,08005005553,"Census Tract 55.53, Arapahoe County, Colorado",2968,68.4,7.5
107,1400000US08005005611,08005005611,"Census Tract 56.11, Arapahoe County, Colorado",3823,61.4,4.8
108,1400000US08005005612,08005005612,"Census Tract 56.12, Arapahoe County, Colorado",2987,64.4,5.3
109,1400000US08005005614,08005005614,"Census Tract 56.14, Arapahoe County, Colorado",2630,64.2,3.2
110,1400000US08005005619,08005005619,"Census Tract 56.19, Arapahoe County, Colorado",3820,65.3,4.9
111,1400000US08005005620,08005005620,"Census Tract 56.20, Arapahoe County, Colorado",2458,60.6,7.6
112,1400000US08005005621,08005005621,"Census Tract 56.21, Arapahoe County, Colorado",2599,60.0,5.6
113,1400000US08005005622,08005005622,"Census Tract 56.22, Arapahoe County, Colorado",1936,56.5,6.2
114,1400000US08005005623,08005005623,"Census Tract 56.23, Arapahoe County, Colorado",3393,68.5,4.9
115,1400000US08005005624,08005005624,"Census Tract 56.24, Arapahoe County, Colorado",1946,54.5,8.9
116,1400000US08005005625,08005005625,"Census Tract 56.25, Arapahoe County, Colorado",2448,59.3,8.5
117,1400000US08005005626,08005005626,"Census Tract 56.26, Arapahoe County, Colorado",2943,69.7,8.2
118,1400000US08005005627,08005005627,"Census Tract 56.27, Arapahoe County, Colorado",3635,64.2,5.6
119,1400000US08005005628,08005005628,"Census Tract 56.28, Arapahoe County, Colorado",4715,63.0,6.0
120,1400000US08005005629,08005005629,"Census Tract 56.29, Arapahoe County, Colorado",1922,58.1,2.4
121,1400000US08005005630,08005005630,"Census Tract 56.30, Arapahoe County, Colorado",4295,68.5,5.0
122,1400000US08005005631,08005005631,"Census Tract 56.31, Arapahoe County, Colorado",2713,63.0,7.4
123,1400000US08005005632,08005005632,"Census Tract 56.32, Arapahoe County, Colorado",2725,66.9,4.8
124,1400000US08005005633,08005005633,"Census Tract 56.33, Arapahoe County, Colorado",2649,65.5,2.4
125,1400000US08005005634,08005005634,"Census Tract 56.34, Arapahoe County, Colorado",2811,50.9,5.1
126,1400000US08005005635,08005005635,"Census Tract 56.35, Arapahoe County, Colorado",4175,54.2,7.0
127,1400000US08005005636,08005005636,"Census Tract 56.36, Arapahoe County, Colorado",1565,51.8,4.4
128,1400000US08005005700,08005005700,"Census Tract 57, Arapahoe County, Colorado",2996,69.9,8.4
129,1400000US08005005800,08005005800,"Census Tract 58, Arapahoe County, Colorado",2095,65.9,10.3
130,1400000US08005005951,08005005951,"Census Tract 59.51, Arapahoe County, Colorado",3816,56.3,10.8
131,1400000US08005005952,08005005952,"Census Tract 59.52, Arapahoe County, Colorado",2672,56.5,8.3
132,1400000US08005006000,08005006000,"Census Tract 60, Arapahoe County, Colorado",2248,64.7,8.6
133,1400000US08005006100,08005006100,"Census Tract 61, Arapahoe County, Colorado",2339,68.4,11.0
134,1400000US08005006200,08005006200,"Census Tract 62, Arapahoe County, Colorado",2556,68.7,7.2
135,1400000US08005006300,08005006300,"Census Tract 63, Arapahoe County, Colorado",2086,67.4,7.1
136,1400000US08005006400,08005006400,"Census Tract 64, Arapahoe County, Colorado",2680,71.8,3.4
137,1400000US08005006501,08005006501,"Census Tract 65.01, Arapahoe County, Colorado",1833,72.2,3.8
138,1400000US08005006502,08005006502,"Census Tract 65.02, Arapahoe County, Colorado",2885,69.2,5.2
139,1400000US08005006601,08005006601,"Census Tract 66.01, Arapahoe County, Colorado",4411,64.3,10.9
140,1400000US08005006603,08005006603,"Census Tract 66.03, Arapahoe County, Colorado",2819,60.2,7.7
141,1400000US08005006604,08005006604,"Census Tract 66.04, Arapahoe County, Colorado",3396,62.0,8.6
142,1400000US08005006704,08005006704,"Census Tract 67.04, Arapahoe County, Colorado",3293,52.7,3.7
143,1400000US08005006705,08005006705,"Census Tract 67.05, Arapahoe County, Colorado",1326,57.3,2.9
144,1400000US08005006706,08005006706,"Census Tract 67.06, Arapahoe County, Colorado",3934,66.5,3.6
145,1400000US08005006707,08005006707,"Census Tract 67.07, Arapahoe County, Colorado",4146,66.4,2.3
146,1400000US08005006708,08005006708,"Census Tract 67.08, Arapahoe County, Colorado",4029,68.8,3.0
147,1400000US08005006709,08005006709,"Census Tract 67.09, Arapahoe County, Colorado",4332,64.3,5.8
148,1400000US08005006711,08005006711,"Census Tract 67.11, Arapahoe County, Colorado",3097,66.1,8.0
149,1400000US08005006712,08005006712,"Census Tract 67.12, Arapahoe County, Colorado",1109,57.5,7.8
150,1400000US08005006713,08005006713,"Census Tract 67.13, Arapahoe County, Colorado",1239,76.8,2.8
151,1400000US08005006808,08005006808,"Census Tract 68.08, Arapahoe County, Colorado",4301,65.4,2.8
152,1400000US08005006815,08005006815,"Census Tract 68.15, Arapahoe County, Colorado",3247,71.5,4.5
153,1400000US08005006854,08005006854,"Census Tract 68.54, Arapahoe County, Colorado",2223,61.2,7.7
154,1400000US08005006855,08005006855,"Census Tract 68.55, Arapahoe County, Colorado",4179,73.6,1.3
155,1400000US08005006856,08005006856,"Census Tract 68.56, Arapahoe County, Colorado",6038,69.8,7.6
156,1400000US08005006857,08005006857,"Census Tract 68.57, Arapahoe County, Colorado",1834,63.8,2.3
157,1400000US08005006858,08005006858,"Census Tract 68.58, Arapahoe County, Colorado",3999,72.0,3.2
158,1400000US08005007101,08005007101,"Census Tract 71.01, Arapahoe County, Colorado",4061,59.7,5.6
159,1400000US08005007103,08005007103,"Census Tract 71.03, Arapahoe County, Colorado",1414,64.1,5.4
160,1400000US08005007104,08005007104,"Census Tract 71.04, Arapahoe County, Colorado",3809,50.9,5.0
161,1400000US08005007105,08005007105,"Census Tract 71.05, Arapahoe County, Colorado",3126,70.3,6.9
162,1400000US08005007106,08005007106,"Census Tract 71.06, Arapahoe County, Colorado",3771,76.7,1.9
163,1400000US08005007107,08005007107,"Census Tract 71.07, Arapahoe County, Colorado",4717,75.2,3.6
164,1400000US08005007201,08005007201,"Census Tract 72.01, Arapahoe County, Colorado",2958,58.7,11.2
165,1400000US08005007202,08005007202,"Census Tract 72.02, Arapahoe County, Colorado",3066,65.1,6.3
166,1400000US08005007301,08005007301,"Census Tract 73.01, Arapahoe County, Colorado",1842,62.6,8.1
167,1400000US08005007302,08005007302,"Census Tract 73.02, Arapahoe County, Colorado",4079,67.1,10.5
168,1400000US08005007400,08005007400,"Census Tract 74, Arapahoe County, Colorado",3838,61.7,9.6
169,1400000US08005007500,08005007500,"Census Tract 75, Arapahoe County, Colorado",1996,62.6,11.4
170,1400000US08005007600,08005007600,"Census Tract 76, Arapahoe County, Colorado",2664,50.1,15.8
171,1400000US08005007702,08005007702,"Census Tract 77.02, Arapahoe County, Colorado",3265,60.2,5.7
172,1400000US08005007703,08005007703,"Census Tract 77.03, Arapahoe County, Colorado",3265,59.1,12.7
173,1400000US08005007704,08005007704,"Census Tract 77.04, Arapahoe County, Colorado",3441,67.2,9.0
174,1400000US08005015100,08005015100,"Census Tract 151, Arapahoe County, Colorado",2104,69.8,6.4
175,1400000US08005080000,08005080000,"Census Tract 800, Arapahoe County, Colorado",2573,58.5,13.3
176,1400000US08005080100,08005080100,"Census Tract 801, Arapahoe County, Colorado",3578,60.6,15.3
177,1400000US08005080200,08005080200,"Census Tract 802, Arapahoe County, Colorado",4490,55.7,9.6
178,1400000US08005080300,08005080300,"Census Tract 803, Arapahoe County, Colorado",4524,65.8,5.3
179,1400000US08005080400,08005080400,"Census Tract 804, Arapahoe County, Colorado",3963,70.4,5.8
180,1400000US08005080500,08005080500,"Census Tract 805, Arapahoe County, Colorado",3103,65.2,5.5
181,1400000US08005080600,08005080600,"Census Tract 806, Arapahoe County, Colorado",2717,77.0,3.9
182,1400000US08005080700,08005080700,"Census Tract 807, Arapahoe County, Colorado",4271,60.6,7.9
183,1400000US08005080800,08005080800,"Census Tract 808, Arapahoe County, Colorado",2297,62.6,7.6
184,1400000US08005080900,08005080900,"Census Tract 809, Arapahoe County, Colorado",3266,62.2,9.3
185,1400000US08005081000,08005081000,"Census Tract 810, Arapahoe County, Colorado",4426,57.5,15.5
186,1400000US08005081100,08005081100,"Census Tract 811, Arapahoe County, Colorado",4596,69.3,12.3
187,1400000US08005081200,08005081200,"Census Tract 812, Arapahoe County, Colorado",3336,65.6,10.1
188,1400000US08005081300,08005081300,"Census Tract 813, Arapahoe County, Colorado",2542,63.0,9.5
189,1400000US08005081400,08005081400,"Census Tract 814, Arapahoe County, Colorado",3429,44.2,15.0
190,1400000US08005081500,08005081500,"Census Tract 815, Arapahoe County, Colorado",2982,19.6,2.0
191,1400000US08005081600,08005081600,"Census Tract 816, Arapahoe County, Colorado",3989,56.0,12.4
192,1400000US08005081700,08005081700,"Census Tract 817, Arapahoe County, Colorado",2328,64.5,3.0
193,1400000US08005081800,08005081800,"Census Tract 818, Arapahoe County, Colorado",3796,63.5,11.6
194,1400000US08005081900,08005081900,"Census Tract 819, Arapahoe County, Colorado",4718,57.4,10.7
195,1400000US08005082000,08005082000,"Census Tract 820, Arapahoe County, Colorado",2973,72.8,7.9
196,1400000US08005082100,08005082100,"Census Tract 821, Arapahoe County, Colorado",5030,66.0,9.6
197,1400000US08005082200,08005082200,"Census Tract 822, Arapahoe County, Colorado",4851,63.9,7.9
198,1400000US08005082300,08005082300,"Census Tract 823, Arapahoe County, Colorado",2765,69.9,9.3
199,1400000US08005082400,08005082400,"Census Tract 824, Arapahoe County, Colorado",3548,65.1,9.6
200,1400000US08005082500,08005082500,"Census Tract 825, Arapahoe County, Colorado",1727,68.3,6.6
201,1400000US08005082600,08005082600,"Census Tract 826, Arapahoe County, Colorado",3600,75.3,8.4
202,1400000US08005082700,08005082700,"Census Tract 827, Arapahoe County, Colorado",2795,62.3,10.7
203,1400000US08005082800,08005082800,"Census Tract 828, Arapahoe County, Colorado",3921,67.5,10.2
204,1400000US08005082900,08005082900,"Census Tract 829, Arapahoe County, Colorado",3400,67.9,8.9
205,1400000US08005083000,08005083000,"Census Tract 830, Arapahoe County, Colorado",2766,58.6,5.3
206,1400000US08005083100,08005083100,"Census Tract 831, Arapahoe County, Colorado",4903,78.8,6.0
207,1400000US08005083200,08005083200,"Census Tract 832, Arapahoe County, Colorado",6303,73.3,10.0
208,1400000US08005083300,08005083300,"Census Tract 833, Arapahoe County, Colorado",3897,69.0,5.3
209,1400000US08005083400,08005083400,"Census Tract 834, Arapahoe County, Colorado",5185,73.8,4.0
210,1400000US08005083500,08005083500,"Census Tract 835, Arapahoe County, Colorado",4406,69.2,7.2
211,1400000US08005083600,08005083600,"Census Tract 836, Arapahoe County, Colorado",3025,69.4,7.9
212,1400000US08005083700,08005083700,"Census Tract 837, Arapahoe County, Colorado",3595,57.2,6.4
213,1400000US08005083800,08005083800,"Census Tract 838, Arapahoe County, Colorado",2414,65.1,11.3
214,1400000US08005083900,08005083900,"Census Tract 839, Arapahoe County, Colorado",2525,65.0,5.9
215,1400000US08005084000,08005084000,"Census Tract 840, Arapahoe County, Colorado",1910,66.3,10.4
216,1400000US08005084100,08005084100,"Census Tract 841, Arapahoe County, Colorado",3392,69.4,12.8
217,1400000US08005084200,08005084200,"Census Tract 842, Arapahoe County, Colorado",2983,69.4,6.6
218,1400000US08005084300,08005084300,"Census Tract 843, Arapahoe County, Colorado",2573,70.9,9.8
219,1400000US08005084400,08005084400,"Census Tract 844, Arapahoe County, Colorado",2379,67.3,9.2
220,1400000US08005084500,08005084500,"Census Tract 845, Arapahoe County, Colorado",2318,71.3,4.8
221,1400000US08005084600,08005084600,"Census Tract 846, Arapahoe County, Colorado",4148,66.1,9.0
222,1400000US08005084700,08005084700,"Census Tract 847, Arapahoe County, Colorado",3719,65.6,9.6
223,1400000US08005084800,08005084800,"Census Tract 848, Arapahoe County, Colorado",2847,76.8,6.8
224,1400000US08005084900,08005084900,"Census Tract 849, Arapahoe County, Colorado",2716,67.5,7.7
225,1400000US08005085000,08005085000,"Census Tract 850, Arapahoe County, Colorado",1331,79.9,4.3
226,1400000US08005085100,08005085100,"Census Tract 851, Arapahoe County, Colorado",4953,66.9,5.4
227,1400000US08005085200,08005085200,"Census Tract 852, Arapahoe County, Colorado",2262,61.3,2.4
228,1400000US08005085300,08005085300,"Census Tract 853, Arapahoe County, Colorado",1887,72.5,5.1
229,1400000US08005085400,08005085400,"Census Tract 854, Arapahoe County, Colorado",3503,74.7,5.7
230,1400000US08005085500,08005085500,"Census Tract 855, Arapahoe County, Colorado",4162,72.1,4.5
231,1400000US08005085600,08005085600,"Census Tract 856, Arapahoe County, Colorado",2592,76.7,1.8
232,1400000US08005085700,08005085700,"Census Tract 857, Arapahoe County, Colorado",3303,74.2,7.4
233,1400000US08005085800,08005085800,"Census Tract 858, Arapahoe County, Colorado",1421,68.1,3.3
234,1400000US08005085900,08005085900,"Census Tract 859, Arapahoe County, Colorado",2675,71.0,7.4
235,1400000US08005086000,08005086000,"Census Tract 860, Arapahoe County, Colorado",5685,68.0,8.5
236,1400000US08005086100,08005086100,"Census Tract 861, Arapahoe County, Colorado",3555,75.4,5.4
237,1400000US08005086200,08005086200,"Census Tract 862, Arapahoe County, Colorado",4557,74.8,4.9
238,1400000US08005086300,08005086300,"Census Tract 863, Arapahoe County, Colorado",3254,78.0,1.9
239,1400000US08005086400,08005086400,"Census Tract 864, Arapahoe County, Colorado",1818,65.8,2.9
240,1400000US08005086500,08005086500,"Census Tract 865, Arapahoe County, Colorado",4022,71.0,2.9
241,1400000US08005086600,08005086600,"Census Tract 866, Arapahoe County, Colorado",4553,49.5,2.8
242,1400000US08005086700,08005086700,"Census Tract 867, Arapahoe County, Colorado",2626,74.0,3.4
243,1400000US08005086800,08005086800,"Census Tract 868, Arapahoe County, Colorado",4905,72.5,6.0
244,1400000US08005086900,08005086900,"Census Tract 869, Arapahoe County, Colorado",2427,74.9,6.3
245,1400000US08005087000,08005087000,"Census Tract 870, Arapahoe County, Colorado",4145,74.7,8.5
246,1400000US08005087100,08005087100,"Census Tract 871, Arapahoe County, Colorado",2255,56.0,19.9
247,1400000US08005087200,08005087200,"Census Tract 872, Arapahoe County, Colorado",3493,66.6,8.8
248,1400000US08005087300,08005087300,"Census Tract 873, Arapahoe County, Colorado",6159,70.9,8.8
249,1400000US08007940400,08007940400,"Census Tract 9404, Archuleta County, Colorado",1133,51.6,14.2
250,1400000US08007974200,08007974200,"Census Tract 9742, Archuleta County, Colorado",4539,52.8,7.3
251,1400000US08007974300,08007974300,"Census Tract 9743, Archuleta County, Colorado",2786,48.1,10.7
252,1400000US08007974400,08007974400,"Census Tract 9744, Archuleta County, Colorado",1852,64.0,3.7
253,1400000US08009964600,08009964600,"Census Tract 9646, Baca County, Colorado",1348,56.6,3.5
254,1400000US08009964700,08009964700,"Census Tract 9647, Baca County, Colorado",1660,56.6,5.3
255,1400000US08011966700,08011966700,"Census Tract 9667, Bent County, Colorado",5057,24.0,8.3
256,1400000US08013012101,08013012101,"Census Tract 121.01, Boulder County, Colorado",3836,71.8,4.1
257,1400000US08013012102,08013012102,"Census Tract 121.02, Boulder County, Colorado",6213,69.0,8.8
258,1400000US08013012103,08013012103,"Census Tract 121.03, Boulder County, Colorado",3208,68.8,5.0
259,1400000US08013012104,08013012104,"Census Tract 121.04, Boulder County, Colorado",2115,65.6,2.3
260,1400000US08013012105,08013012105,"Census Tract 121.05, Boulder County, Colorado",4436,73.7,2.1
261,1400000US08013012201,08013012201,"Census Tract 122.01, Boulder County, Colorado",3411,60.7,10.7
262,1400000US08013012202,08013012202,"Census Tract 122.02, Boulder County, Colorado",6240,69.7,5.5
263,1400000US08013012203,08013012203,"Census Tract 122.03, Boulder County, Colorado",5825,73.7,4.0
264,1400000US08013012204,08013012204,"Census Tract 122.04, Boulder County, Colorado",3559,62.8,9.7
265,1400000US08013012300,08013012300,"Census Tract 123, Boulder County, Colorado",6632,35.0,16.9
266,1400000US08013012401,08013012401,"Census Tract 124.01, Boulder County, Colorado",6090,48.4,9.7
267,1400000US08013012501,08013012501,"Census Tract 125.01, Boulder County, Colorado",2223,68.0,4.4
268,1400000US08013012505,08013012505,"Census Tract 125.05, Boulder County, Colorado",3249,62.2,5.9
269,1400000US08013012507,08013012507,"Census Tract 125.07, Boulder County, Colorado",3881,66.1,7.5
270,1400000US08013012508,08013012508,"Census Tract 125.08, Boulder County, Colorado",2628,77.0,5.5
271,1400000US08013012509,08013012509,"Census Tract 125.09, Boulder County, Colorado",2914,61.5,4.0
272,1400000US08013012510,08013012510,"Census Tract 125.10, Boulder County, Colorado",3888,68.0,4.3
273,1400000US08013012511,08013012511,"Census Tract 125.11, Boulder County, Colorado",5361,47.1,6.7
274,1400000US08013012603,08013012603,"Census Tract 126.03, Boulder County, Colorado",2785,69.3,4.3
275,1400000US08013012605,08013012605,"Census Tract 126.05, Boulder County, Colorado",1613,62.2,6.1
276,1400000US08013012607,08013012607,"Census Tract 126.07, Boulder County, Colorado",4841,60.3,8.3
277,1400000US08013012608,08013012608,"Census Tract 126.08, Boulder County, Colorado",2204,70.5,4.0
278,1400000US08013012701,08013012701,"Census Tract 127.01, Boulder County, Colorado",4684,70.0,2.3
279,1400000US08013012705,08013012705,"Census Tract 127.05, Boulder County, Colorado",3353,77.0,4.2
280,1400000US08013012707,08013012707,"Census Tract 127.07, Boulder County, Colorado",1966,42.1,5.4
281,1400000US08013012708,08013012708,"Census Tract 127.08, Boulder County, Colorado",4392,60.0,7.0
282,1400000US08013012709,08013012709,"Census Tract 127.09, Boulder County, Colorado",1537,65.2,6.4
283,1400000US08013012710,08013012710,"Census Tract 127.10, Boulder County, Colorado",3076,63.4,4.0
284,1400000US08013012800,08013012800,"Census Tract 128, Boulder County, Colorado",8580,75.2,2.0
285,1400000US08013012903,08013012903,"Census Tract 129.03, Boulder County, Colorado",1854,70.3,2.0
286,1400000US08013012904,08013012904,"Census Tract 129.04, Boulder County, Colorado",4457,62.5,7.6
287,1400000US08013012905,08013012905,"Census Tract 129.05, Boulder County, Colorado",2011,59.9,7.5
288,1400000US08013012907,08013012907,"Census Tract 129.07, Boulder County, Colorado",2581,72.8,4.8
289,1400000US08013013003,08013013003,"Census Tract 130.03, Boulder County, Colorado",4547,65.3,6.5
290,1400000US08013013004,08013013004,"Census Tract 130.04, Boulder County, Colorado",2788,70.1,2.7
291,1400000US08013013005,08013013005,"Census Tract 130.05, Boulder County, Colorado",2653,71.5,2.7
292,1400000US08013013006,08013013006,"Census Tract 130.06, Boulder County, Colorado",4222,76.1,6.2
293,1400000US08013013201,08013013201,"Census Tract 132.01, Boulder County, Colorado",1309,57.4,5.7
294,1400000US08013013202,08013013202,"Census Tract 132.02, Boulder County, Colorado",1199,55.8,7.7
295,1400000US08013013205,08013013205,"Census Tract 132.05, Boulder County, Colorado",4391,60.4,5.1
296,1400000US08013013207,08013013207,"Census Tract 132.07, Boulder County, Colorado",3668,62.8,3.6
297,1400000US08013013208,08013013208,"Census Tract 132.08, Boulder County, Colorado",4482,52.9,4.3
298,1400000US08013013210,08013013210,"Census Tract 132.10, Boulder County, Colorado",3815,65.2,6.1
299,1400000US08013013211,08013013211,"Census Tract 132.11, Boulder County, Colorado",4504,74.3,7.8
300,1400000US08013013212,08013013212,"Census Tract 132.12, Boulder County, Colorado",3535,67.0,5.7
301,1400000US08013013213,08013013213,"Census Tract 132.13, Boulder County, Colorado",5722,68.4,8.0
302,1400000US08013013302,08013013302,"Census Tract 133.02, Boulder County, Colorado",3999,70.4,3.2
303,1400000US08013013305,08013013305,"Census Tract 133.05, Boulder County, Colorado",3869,72.1,5.2
304,1400000US08013013306,08013013306,"Census Tract 133.06, Boulder County, Colorado",3835,59.3,9.4
305,1400000US08013013307,08013013307,"Census Tract 133.07, Boulder County, Colorado",2918,54.2,12.3
306,1400000US08013013308,08013013308,"Census Tract 133.08, Boulder County, Colorado",2911,63.1,5.0
307,1400000US08013013401,08013013401,"Census Tract 134.01, Boulder County, Colorado",2674,60.0,9.6
308,1400000US08013013402,08013013402,"Census Tract 134.02, Boulder County, Colorado",6056,70.1,5.6
309,1400000US08013013503,08013013503,"Census Tract 135.03, Boulder County, Colorado",3973,68.3,9.0
310,1400000US08013013505,08013013505,"Census Tract 135.05, Boulder County, Colorado",3448,58.8,10.4
311,1400000US08013013506,08013013506,"Census Tract 135.06, Boulder County, Colorado",3299,65.0,4.2
312,1400000US08013013507,08013013507,"Census Tract 135.07, Boulder County, Colorado",2677,63.9,8.8
313,1400000US08013013508,08013013508,"Census Tract 135.08, Boulder County, Colorado",5577,63.3,11.9
314,1400000US08013013601,08013013601,"Census Tract 136.01, Boulder County, Colorado",3353,68.1,6.9
315,1400000US08013013602,08013013602,"Census Tract 136.02, Boulder County, Colorado",885,56.2,11.3
316,1400000US08013013701,08013013701,"Census Tract 137.01, Boulder County, Colorado",5524,64.6,3.0
317,1400000US08013013702,08013013702,"Census Tract 137.02, Boulder County, Colorado",5184,72.5,4.3
318,1400000US08013060600,08013060600,"Census Tract 606, Boulder County, Colorado",4503,77.9,3.6
319,1400000US08013060700,08013060700,"Census Tract 607, Boulder County, Colorado",2631,65.2,6.2
320,1400000US08013060800,08013060800,"Census Tract 608, Boulder County, Colorado",5634,71.6,6.7
321,1400000US08013060900,08013060900,"Census Tract 609, Boulder County, Colorado",3788,74.2,7.4
322,1400000US08013061300,08013061300,"Census Tract 613, Boulder County, Colorado",2502,74.6,4.7
323,1400000US08013061400,08013061400,"Census Tract 614, Boulder County, Colorado",2622,75.4,2.1
324,1400000US08014030000,08014030000,"Census Tract 300, Broomfield County, Colorado",2748,67.3,5.7
325,1400000US08014030100,08014030100,"Census Tract 301, Broomfield County, Colorado",1850,69.2,7.9
326,1400000US08014030200,08014030200,"Census Tract 302, Broomfield County, Colorado",1469,65.9,13.7
327,1400000US08014030300,08014030300,"Census Tract 303, Broomfield County, Colorado",3029,58.9,5.0
328,1400000US08014030400,08014030400,"Census Tract 304, Broomfield County, Colorado",2891,63.9,4.1
329,1400000US08014030500,08014030500,"Census Tract 305, Broomfield County, Colorado",4211,67.4,4.4
330,1400000US08014030600,08014030600,"Census Tract 306, Broomfield County, Colorado",4600,72.4,3.6
331,1400000US08014030700,08014030700,"Census Tract 307, Broomfield County, Colorado",2222,73.4,6.4
332,1400000US08014030800,08014030800,"Census Tract 308, Broomfield County, Colorado",4179,75.4,3.3
333,1400000US08014030900,08014030900,"Census Tract 309, Broomfield County, Colorado",4477,64.8,6.8
334,1400000US08014031000,08014031000,"Census Tract 310, Broomfield County, Colorado",3948,70.0,6.1
335,1400000US08014031100,08014031100,"Census Tract 311, Broomfield County, Colorado",3048,71.9,6.5
336,1400000US08014031200,08014031200,"Census Tract 312, Broomfield County, Colorado",3739,70.7,6.8
337,1400000US08014031300,08014031300,"Census Tract 313, Broomfield County, Colorado",1624,72.0,2.7
338,1400000US08014031400,08014031400,"Census Tract 314, Broomfield County, Colorado",3148,46.4,3.8
339,1400000US08014980100,08014980100,"Census Tract 9801, Broomfield County, Colorado",0,-,-
340,1400000US08014980200,08014980200,"Census Tract 9802, Broomfield County, Colorado",0,-,-
341,1400000US08014980300,08014980300,"Census Tract 9803, Broomfield County, Colorado",0,-,-
342,1400000US08015000100,08015000100,"Census Tract 1, Chaffee County, Colorado",2223,67.7,4.9
343,1400000US08015000200,08015000200,"Census Tract 2, Chaffee County, Colorado",3823,47.4,8.6
344,1400000US08015000300,08015000300,"Census Tract 3, Chaffee County, Colorado",3116,60.8,4.7
345,1400000US08015000401,08015000401,"Census Tract 4.01, Chaffee County, Colorado",3784,50.8,4.3
346,1400000US08015000402,08015000402,"Census Tract 4.02, Chaffee County, Colorado",2791,37.2,7.4
347,1400000US08017960600,08017960600,"Census Tract 9606, Cheyenne County, Colorado",1506,61.9,9.3
348,1400000US08019014700,08019014700,"Census Tract 147, Clear Creek County, Colorado",4180,67.2,3.8
349,1400000US08019014800,08019014800,"Census Tract 148, Clear Creek County, Colorado",1502,56.8,12.5
350,1400000US08019014900,08019014900,"Census Tract 149, Clear Creek County, Colorado",2116,68.7,3.8
351,1400000US08021974800,08021974800,"Census Tract 9748, Conejos County, Colorado",2907,44.1,12.5
352,1400000US08021974900,08021974900,"Census Tract 9749, Conejos County, Colorado",3341,52.1,7.6
353,1400000US08023972600,08023972600,"Census Tract 9726, Costilla County, Colorado",1592,49.3,12.7
354,1400000US08023972700,08023972700,"Census Tract 9727, Costilla County, Colorado",1371,33.2,16.2
355,1400000US08025969600,08025969600,"Census Tract 9696, Crowley County, Colorado",4459,32.7,27.0
356,1400000US08027970100,08027970100,"Census Tract 9701, Custer County, Colorado",3642,38.2,14.0
357,1400000US08029964600,08029964600,"Census Tract 9646, Delta County, Colorado",2946,53.4,10.3
358,1400000US08029964700,08029964700,"Census Tract 9647, Delta County, Colorado",3185,41.6,10.2
359,1400000US08029964800,08029964800,"Census Tract 9648, Delta County, Colorado",3369,41.1,9.0
360,1400000US08029964900,08029964900,"Census Tract 9649, Delta County, Colorado",4210,50.0,13.1
361,1400000US08029965000,08029965000,"Census Tract 9650, Delta County, Colorado",3852,51.6,11.0
362,1400000US08029965100,08029965100,"Census Tract 9651, Delta County, Colorado",3453,48.7,12.4
363,1400000US08029965200,08029965200,"Census Tract 9652, Delta County, Colorado",3502,37.2,15.6
364,1400000US08031000102,08031000102,"Census Tract 1.02, Denver County, Colorado",2752,72.4,4.6
365,1400000US08031000201,08031000201,"Census Tract 2.01, Denver County, Colorado",3260,63.7,6.0
366,1400000US08031000202,08031000202,"Census Tract 2.02, Denver County, Colorado",3184,63.7,7.3
367,1400000US08031000301,08031000301,"Census Tract 3.01, Denver County, Colorado",4580,67.9,7.2
368,1400000US08031000302,08031000302,"Census Tract 3.02, Denver County, Colorado",3697,74.1,3.7
369,1400000US08031000303,08031000303,"Census Tract 3.03, Denver County, Colorado",4264,73.1,7.1
370,1400000US08031000401,08031000401,"Census Tract 4.01, Denver County, Colorado",2732,61.5,6.3
371,1400000US08031000402,08031000402,"Census Tract 4.02, Denver County, Colorado",4730,69.8,4.4
372,1400000US08031000501,08031000501,"Census Tract 5.01, Denver County, Colorado",1659,75.1,4.1
373,1400000US08031000502,08031000502,"Census Tract 5.02, Denver County, Colorado",4928,64.7,7.9
374,1400000US08031000600,08031000600,"Census Tract 6, Denver County, Colorado",2426,72.1,6.4
375,1400000US08031000701,08031000701,"Census Tract 7.01, Denver County, Colorado",3264,51.9,14.5
376,1400000US08031000702,08031000702,"Census Tract 7.02, Denver County, Colorado",4050,60.7,8.1
377,1400000US08031000800,08031000800,"Census Tract 8, Denver County, Colorado",744,27.4,34.4
378,1400000US08031000902,08031000902,"Census Tract 9.02, Denver County, Colorado",4434,57.1,7.5
379,1400000US08031000903,08031000903,"Census Tract 9.03, Denver County, Colorado",4849,55.0,13.4
380,1400000US08031000904,08031000904,"Census Tract 9.04, Denver County, Colorado",3479,55.2,10.9
381,1400000US08031000905,08031000905,"Census Tract 9.05, Denver County, Colorado",3038,58.3,8.0
382,1400000US08031001000,08031001000,"Census Tract 10, Denver County, Colorado",2580,54.7,4.5
383,1400000US08031001101,08031001101,"Census Tract 11.01, Denver County, Colorado",2128,60.3,10.5
384,1400000US08031001102,08031001102,"Census Tract 11.02, Denver County, Colorado",2961,77.1,3.9
385,1400000US08031001301,08031001301,"Census Tract 13.01, Denver County, Colorado",3762,60.9,8.7
386,1400000US08031001302,08031001302,"Census Tract 13.02, Denver County, Colorado",2987,71.9,3.2
387,1400000US08031001401,08031001401,"Census Tract 14.01, Denver County, Colorado",4553,57.8,5.2
388,1400000US08031001402,08031001402,"Census Tract 14.02, Denver County, Colorado",3296,60.7,7.4
389,1400000US08031001403,08031001403,"Census Tract 14.03, Denver County, Colorado",2775,78.7,3.3
390,1400000US08031001500,08031001500,"Census Tract 15, Denver County, Colorado",2766,54.7,11.4
391,1400000US08031001600,08031001600,"Census Tract 16, Denver County, Colorado",8921,76.8,4.4
392,1400000US08031001701,08031001701,"Census Tract 17.01, Denver County, Colorado",4899,62.7,7.3
393,1400000US08031001702,08031001702,"Census Tract 17.02, Denver County, Colorado",4008,74.4,4.4
394,1400000US08031001800,08031001800,"Census Tract 18, Denver County, Colorado",2965,66.5,6.5
395,1400000US08031001901,08031001901,"Census Tract 19.01, Denver County, Colorado",1911,43.0,24.4
396,1400000US08031001902,08031001902,"Census Tract 19.02, Denver County, Colorado",825,48.6,9.1
397,1400000US08031002000,08031002000,"Census Tract 20, Denver County, Colorado",1742,70.4,6.5
398,1400000US08031002100,08031002100,"Census Tract 21, Denver County, Colorado",4852,70.2,4.5
399,1400000US08031002300,08031002300,"Census Tract 23, Denver County, Colorado",4477,73.3,8.0
400,1400000US08031002402,08031002402,"Census Tract 24.02, Denver County, Colorado",1550,65.1,9.7
401,1400000US08031002403,08031002403,"Census Tract 24.03, Denver County, Colorado",3020,67.0,8.9
402,1400000US08031002601,08031002601,"Census Tract 26.01, Denver County, Colorado",3025,69.0,7.5
403,1400000US08031002602,08031002602,"Census Tract 26.02, Denver County, Colorado",2690,82.5,1.9
404,1400000US08031002701,08031002701,"Census Tract 27.01, Denver County, Colorado",4750,78.9,5.8
405,1400000US08031002702,08031002702,"Census Tract 27.02, Denver County, Colorado",5582,81.8,4.0
406,1400000US08031002703,08031002703,"Census Tract 27.03, Denver County, Colorado",4870,80.3,4.0
407,1400000US08031002801,08031002801,"Census Tract 28.01, Denver County, Colorado",2633,81.7,4.7
408,1400000US08031002802,08031002802,"Census Tract 28.02, Denver County, Colorado",4057,77.7,6.0
409,1400000US08031002803,08031002803,"Census Tract 28.03, Denver County, Colorado",4358,77.3,6.0
410,1400000US08031002901,08031002901,"Census Tract 29.01, Denver County, Colorado",2780,76.5,7.9
411,1400000US08031002902,08031002902,"Census Tract 29.02, Denver County, Colorado",3570,81.6,1.6
412,1400000US08031003001,08031003001,"Census Tract 30.01, Denver County, Colorado",5049,78.7,6.8
413,1400000US08031003002,08031003002,"Census Tract 30.02, Denver County, Colorado",2123,75.7,3.4
414,1400000US08031003003,08031003003,"Census Tract 30.03, Denver County, Colorado",2944,54.5,7.1
415,1400000US08031003004,08031003004,"Census Tract 30.04, Denver County, Colorado",5431,57.7,7.2
416,1400000US08031003101,08031003101,"Census Tract 31.01, Denver County, Colorado",1227,68.6,10.0
417,1400000US08031003102,08031003102,"Census Tract 31.02, Denver County, Colorado",2934,60.0,7.0
418,1400000US08031003201,08031003201,"Census Tract 32.01, Denver County, Colorado",5175,74.2,6.7
419,1400000US08031003202,08031003202,"Census Tract 32.02, Denver County, Colorado",3008,69.3,4.6
420,1400000US08031003203,08031003203,"Census Tract 32.03, Denver County, Colorado",2575,67.3,2.7
421,1400000US08031003300,08031003300,"Census Tract 33, Denver County, Colorado",2879,75.9,2.2
422,1400000US08031003401,08031003401,"Census Tract 34.01, Denver County, Colorado",2164,69.5,2.9
423,1400000US08031003402,08031003402,"Census Tract 34.02, Denver County, Colorado",3976,69.8,2.9
424,1400000US08031003500,08031003500,"Census Tract 35, Denver County, Colorado",4510,55.3,10.6
425,1400000US08031003601,08031003601,"Census Tract 36.01, Denver County, Colorado",3447,64.3,10.0
426,1400000US08031003602,08031003602,"Census Tract 36.02, Denver County, Colorado",3320,57.7,12.4
427,1400000US08031003603,08031003603,"Census Tract 36.03, Denver County, Colorado",2872,74.4,4.7
428,1400000US08031003701,08031003701,"Census Tract 37.01, Denver County, Colorado",2864,77.6,4.1
429,1400000US08031003702,08031003702,"Census Tract 37.02, Denver County, Colorado",4401,75.7,5.4
430,1400000US08031003703,08031003703,"Census Tract 37.03, Denver County, Colorado",2635,82.0,3.0
431,1400000US08031003800,08031003800,"Census Tract 38, Denver County, Colorado",5699,64.3,4.3
432,1400000US08031003901,08031003901,"Census Tract 39.01, Denver County, Colorado",3975,65.1,4.5
433,1400000US08031003902,08031003902,"Census Tract 39.02, Denver County, Colorado",3702,71.8,4.4
434,1400000US08031004002,08031004002,"Census Tract 40.02, Denver County, Colorado",2683,59.7,3.9
435,1400000US08031004003,08031004003,"Census Tract 40.03, Denver County, Colorado",3707,66.0,5.3
436,1400000US08031004004,08031004004,"Census Tract 40.04, Denver County, Colorado",1583,66.5,2.3
437,1400000US08031004005,08031004005,"Census Tract 40.05, Denver County, Colorado",2767,60.8,5.6
438,1400000US08031004006,08031004006,"Census Tract 40.06, Denver County, Colorado",3822,65.6,5.5
439,1400000US08031004101,08031004101,"Census Tract 41.01, Denver County, Colorado",3329,51.0,11.5
440,1400000US08031004102,08031004102,"Census Tract 41.02, Denver County, Colorado",3512,51.9,12.3
441,1400000US08031004103,08031004103,"Census Tract 41.03, Denver County, Colorado",4536,69.7,2.8
442,1400000US08031004104,08031004104,"Census Tract 41.04, Denver County, Colorado",3795,66.6,5.6
443,1400000US08031004106,08031004106,"Census Tract 41.06, Denver County, Colorado",8513,56.2,3.7
444,1400000US08031004107,08031004107,"Census Tract 41.07, Denver County, Colorado",4126,73.4,2.3
445,1400000US08031004201,08031004201,"Census Tract 42.01, Denver County, Colorado",3716,70.8,3.3
446,1400000US08031004202,08031004202,"Census Tract 42.02, Denver County, Colorado",3745,65.5,5.6
447,1400000US08031004301,08031004301,"Census Tract 43.01, Denver County, Colorado",3931,77.6,3.7
448,1400000US08031004302,08031004302,"Census Tract 43.02, Denver County, Colorado",2058,73.2,5.9
449,1400000US08031004303,08031004303,"Census Tract 43.03, Denver County, Colorado",2968,62.5,5.6
450,1400000US08031004304,08031004304,"Census Tract 43.04, Denver County, Colorado",5056,69.7,2.8
451,1400000US08031004306,08031004306,"Census Tract 43.06, Denver County, Colorado",4109,65.4,3.3
452,1400000US08031004403,08031004403,"Census Tract 44.03, Denver County, Colorado",3531,66.0,9.8
453,1400000US08031004404,08031004404,"Census Tract 44.04, Denver County, Colorado",5127,61.2,11.6
454,1400000US08031004405,08031004405,"Census Tract 44.05, Denver County, Colorado",6486,71.7,4.0
455,1400000US08031004503,08031004503,"Census Tract 45.03, Denver County, Colorado",2876,60.3,1.5
456,1400000US08031004504,08031004504,"Census Tract 45.04, Denver County, Colorado",2934,61.8,7.4
457,1400000US08031004505,08031004505,"Census Tract 45.05, Denver County, Colorado",2814,58.3,2.4
458,1400000US08031004506,08031004506,"Census Tract 45.06, Denver County, Colorado",2274,57.3,8.4
459,1400000US08031004601,08031004601,"Census Tract 46.01, Denver County, Colorado",4433,59.0,5.3
460,1400000US08031004602,08031004602,"Census Tract 46.02, Denver County, Colorado",5704,61.8,7.4
461,1400000US08031004603,08031004603,"Census Tract 46.03, Denver County, Colorado",4198,62.9,9.1
462,1400000US08031004700,08031004700,"Census Tract 47, Denver County, Colorado",4967,68.3,5.5
463,1400000US08031004801,08031004801,"Census Tract 48.01, Denver County, Colorado",2419,60.4,5.0
464,1400000US08031005001,08031005001,"Census Tract 50.01, Denver County, Colorado",2342,62.2,6.1
465,1400000US08031005002,08031005002,"Census Tract 50.02, Denver County, Colorado",5728,60.1,10.5
466,1400000US08031005102,08031005102,"Census Tract 51.02, Denver County, Colorado",2832,68.7,5.4
467,1400000US08031005104,08031005104,"Census Tract 51.04, Denver County, Colorado",2956,56.8,8.3
468,1400000US08031005200,08031005200,"Census Tract 52, Denver County, Colorado",2761,61.1,7.2
469,1400000US08031005300,08031005300,"Census Tract 53, Denver County, Colorado",1229,48.8,7.4
470,1400000US08031005502,08031005502,"Census Tract 55.02, Denver County, Colorado",1674,55.9,2.5
471,1400000US08031005503,08031005503,"Census Tract 55.03, Denver County, Colorado",3718,61.0,8.2
472,1400000US08031006701,08031006701,"Census Tract 67.01, Denver County, Colorado",2701,82.2,3.9
473,1400000US08031006804,08031006804,"Census Tract 68.04, Denver County, Colorado",2112,68.7,3.3
474,1400000US08031006809,08031006809,"Census Tract 68.09, Denver County, Colorado",6203,68.1,5.1
475,1400000US08031006810,08031006810,"Census Tract 68.10, Denver County, Colorado",4479,74.6,4.2
476,1400000US08031006811,08031006811,"Census Tract 68.11, Denver County, Colorado",5367,71.9,6.5
477,1400000US08031006812,08031006812,"Census Tract 68.12, Denver County, Colorado",3163,58.3,8.0
478,1400000US08031006813,08031006813,"Census Tract 68.13, Denver County, Colorado",3691,69.6,6.9
479,1400000US08031006814,08031006814,"Census Tract 68.14, Denver County, Colorado",3520,71.6,4.8
480,1400000US08031006901,08031006901,"Census Tract 69.01, Denver County, Colorado",4385,61.2,12.2
481,1400000US08031007006,08031007006,"Census Tract 70.06, Denver County, Colorado",3732,71.2,12.6
482,1400000US08031007013,08031007013,"Census Tract 70.13, Denver County, Colorado",3066,72.7,5.4
483,1400000US08031007037,08031007037,"Census Tract 70.37, Denver County, Colorado",3283,71.1,9.5
484,1400000US08031007088,08031007088,"Census Tract 70.88, Denver County, Colorado",4024,72.8,0.5
485,1400000US08031007089,08031007089,"Census Tract 70.89, Denver County, Colorado",4621,34.2,4.3
486,1400000US08031008304,08031008304,"Census Tract 83.04, Denver County, Colorado",2641,54.2,12.1
487,1400000US08031008305,08031008305,"Census Tract 83.05, Denver County, Colorado",2951,57.5,9.7
488,1400000US08031008306,08031008306,"Census Tract 83.06, Denver County, Colorado",4439,52.0,10.2
489,1400000US08031008312,08031008312,"Census Tract 83.12, Denver County, Colorado",5392,60.7,8.0
490,1400000US08031008386,08031008386,"Census Tract 83.86, Denver County, Colorado",3194,63.7,11.7
491,1400000US08031008387,08031008387,"Census Tract 83.87, Denver County, Colorado",4620,62.0,5.6
492,1400000US08031008388,08031008388,"Census Tract 83.88, Denver County, Colorado",5794,73.0,4.3
493,1400000US08031008389,08031008389,"Census Tract 83.89, Denver County, Colorado",6454,77.4,3.5
494,1400000US08031008390,08031008390,"Census Tract 83.90, Denver County, Colorado",6830,66.5,10.2
495,1400000US08031008391,08031008391,"Census Tract 83.91, Denver County, Colorado",5845,71.9,4.1
496,1400000US08031011902,08031011902,"Census Tract 119.02, Denver County, Colorado",5412,68.8,6.2
497,1400000US08031011903,08031011903,"Census Tract 119.03, Denver County, Colorado",1979,51.9,5.6
498,1400000US08031012001,08031012001,"Census Tract 120.01, Denver County, Colorado",1724,55.5,4.4
499,1400000US08031012010,08031012010,"Census Tract 120.10, Denver County, Colorado",4172,61.6,4.8
500,1400000US08031012014,08031012014,"Census Tract 120.14, Denver County, Colorado",5178,75.4,4.3
501,1400000US08031015300,08031015300,"Census Tract 153, Denver County, Colorado",3502,71.9,8.4
502,1400000US08031015400,08031015400,"Census Tract 154, Denver County, Colorado",3755,63.6,6.2
503,1400000US08031015500,08031015500,"Census Tract 155, Denver County, Colorado",3111,77.3,7.8
504,1400000US08031015600,08031015600,"Census Tract 156, Denver County, Colorado",5097,49.8,14.7
505,1400000US08031015700,08031015700,"Census Tract 157, Denver County, Colorado",4563,53.3,6.9
506,1400000US08031980000,08031980000,"Census Tract 9800, Denver County, Colorado",877,76.9,3.7
507,1400000US08031980100,08031980100,"Census Tract 9801, Denver County, Colorado",0,-,-
508,1400000US08033000100,08033000100,"Census Tract 1, Dolores County, Colorado",1477,54.2,4.6
509,1400000US08035013901,08035013901,"Census Tract 139.01, Douglas County, Colorado",5537,66.0,0.6
510,1400000US08035013904,08035013904,"Census Tract 139.04, Douglas County, Colorado",3350,68.8,6.0
511,1400000US08035013905,08035013905,"Census Tract 139.05, Douglas County, Colorado",2606,69.3,4.7
512,1400000US08035013907,08035013907,"Census Tract 139.07, Douglas County, Colorado",3756,69.5,5.2
513,1400000US08035013908,08035013908,"Census Tract 139.08, Douglas County, Colorado",5557,72.2,3.9
514,1400000US08035013909,08035013909,"Census Tract 139.09, Douglas County, Colorado",5065,68.2,4.2
515,1400000US08035013910,08035013910,"Census Tract 139.10, Douglas County, Colorado",4332,74.5,3.2
516,1400000US08035013911,08035013911,"Census Tract 139.11, Douglas County, Colorado",4732,71.5,4.4
517,1400000US08035014001,08035014001,"Census Tract 140.01, Douglas County, Colorado",5067,77.5,4.2
518,1400000US08035014005,08035014005,"Census Tract 140.05, Douglas County, Colorado",3489,73.1,4.6
519,1400000US08035014006,08035014006,"Census Tract 140.06, Douglas County, Colorado",3902,73.1,4.7
520,1400000US08035014007,08035014007,"Census Tract 140.07, Douglas County, Colorado",2393,77.6,2.8
521,1400000US08035014008,08035014008,"Census Tract 140.08, Douglas County, Colorado",4710,74.1,3.2
522,1400000US08035014009,08035014009,"Census Tract 140.09, Douglas County, Colorado",2586,79.1,6.5
523,1400000US08035014010,08035014010,"Census Tract 140.10, Douglas County, Colorado",4371,73.9,3.7
524,1400000US08035014011,08035014011,"Census Tract 140.11, Douglas County, Colorado",1694,70.6,1.8
525,1400000US08035014012,08035014012,"Census Tract 140.12, Douglas County, Colorado",5807,72.9,5.0
526,1400000US08035014013,08035014013,"Census Tract 140.13, Douglas County, Colorado",3167,66.5,2.4
527,1400000US08035014107,08035014107,"Census Tract 141.07, Douglas County, Colorado",2766,71.0,2.8
528,1400000US08035014108,08035014108,"Census Tract 141.08, Douglas County, Colorado",3828,71.6,3.6
529,1400000US08035014109,08035014109,"Census Tract 141.09, Douglas County, Colorado",2199,57.8,6.1
530,1400000US08035014110,08035014110,"Census Tract 141.10, Douglas County, Colorado",3986,66.7,4.8
531,1400000US08035014112,08035014112,"Census Tract 141.12, Douglas County, Colorado",3096,69.6,5.4
532,1400000US08035014113,08035014113,"Census Tract 141.13, Douglas County, Colorado",2418,73.4,5.9
533,1400000US08035014114,08035014114,"Census Tract 141.14, Douglas County, Colorado",2864,76.3,4.4
534,1400000US08035014115,08035014115,"Census Tract 141.15, Douglas County, Colorado",3339,61.1,3.2
535,1400000US08035014116,08035014116,"Census Tract 141.16, Douglas County, Colorado",4250,76.4,3.3
536,1400000US08035014122,08035014122,"Census Tract 141.22, Douglas County, Colorado",5401,61.3,5.3
537,1400000US08035014123,08035014123,"Census Tract 141.23, Douglas County, Colorado",2442,54.1,6.5
538,1400000US08035014124,08035014124,"Census Tract 141.24, Douglas County, Colorado",3973,74.6,1.6
539,1400000US08035014125,08035014125,"Census Tract 141.25, Douglas County, Colorado",2620,65.4,7.6
540,1400000US08035014126,08035014126,"Census Tract 141.26, Douglas County, Colorado",1500,69.6,0.8
541,1400000US08035014127,08035014127,"Census Tract 141.27, Douglas County, Colorado",3871,61.5,2.7
542,1400000US08035014128,08035014128,"Census Tract 141.28, Douglas County, Colorado",3657,73.7,3.2
543,1400000US08035014129,08035014129,"Census Tract 141.29, Douglas County, Colorado",2733,71.2,4.4
544,1400000US08035014130,08035014130,"Census Tract 141.30, Douglas County, Colorado",5778,75.9,2.1
545,1400000US08035014131,08035014131,"Census Tract 141.31, Douglas County, Colorado",3204,57.1,3.7
546,1400000US08035014132,08035014132,"Census Tract 141.32, Douglas County, Colorado",4071,68.7,6.0
547,1400000US08035014133,08035014133,"Census Tract 141.33, Douglas County, Colorado",5115,72.8,4.6
548,1400000US08035014134,08035014134,"Census Tract 141.34, Douglas County, Colorado",4427,72.4,1.6
549,1400000US08035014135,08035014135,"Census Tract 141.35, Douglas County, Colorado",2283,65.9,3.5
550,1400000US08035014136,08035014136,"Census Tract 141.36, Douglas County, Colorado",6187,77.5,2.6
551,1400000US08035014137,08035014137,"Census Tract 141.37, Douglas County, Colorado",6501,75.6,4.1
552,1400000US08035014138,08035014138,"Census Tract 141.38, Douglas County, Colorado",3048,77.0,2.5
553,1400000US08035014139,08035014139,"Census Tract 141.39, Douglas County, Colorado",3147,64.1,2.9
554,1400000US08035014140,08035014140,"Census Tract 141.40, Douglas County, Colorado",3935,69.7,5.3
555,1400000US08035014202,08035014202,"Census Tract 142.02, Douglas County, Colorado",1697,58.8,4.4
556,1400000US08035014203,08035014203,"Census Tract 142.03, Douglas County, Colorado",5166,66.8,7.4
557,1400000US08035014204,08035014204,"Census Tract 142.04, Douglas County, Colorado",2350,76.6,4.1
558,1400000US08035014300,08035014300,"Census Tract 143, Douglas County, Colorado",690,52.3,9.1
559,1400000US08035014403,08035014403,"Census Tract 144.03, Douglas County, Colorado",4296,61.3,5.3
560,1400000US08035014404,08035014404,"Census Tract 144.04, Douglas County, Colorado",2241,58.0,6.5
561,1400000US08035014405,08035014405,"Census Tract 144.05, Douglas County, Colorado",5506,73.1,4.3
562,1400000US08035014406,08035014406,"Census Tract 144.06, Douglas County, Colorado",6666,72.7,4.7
563,1400000US08035014503,08035014503,"Census Tract 145.03, Douglas County, Colorado",4225,69.9,3.5
564,1400000US08035014504,08035014504,"Census Tract 145.04, Douglas County, Colorado",3497,69.0,6.4
565,1400000US08035014505,08035014505,"Census Tract 145.05, Douglas County, Colorado",3635,70.1,2.3
566,1400000US08035014506,08035014506,"Census Tract 145.06, Douglas County, Colorado",3036,60.6,1.7
567,1400000US08035014602,08035014602,"Census Tract 146.02, Douglas County, Colorado",2123,59.3,3.4
568,1400000US08035014603,08035014603,"Census Tract 146.03, Douglas County, Colorado",5006,75.8,4.0
569,1400000US08035014604,08035014604,"Census Tract 146.04, Douglas County, Colorado",2734,75.6,6.7
570,1400000US08037000100,08037000100,"Census Tract 1, Eagle County, Colorado",1024,64.6,12.5
571,1400000US08037000200,08037000200,"Census Tract 2, Eagle County, Colorado",5540,77.2,4.6
572,1400000US08037000301,08037000301,"Census Tract 3.01, Eagle County, Colorado",4602,78.4,6.1
573,1400000US08037000302,08037000302,"Census Tract 3.02, Eagle County, Colorado",1801,71.7,5.4
574,1400000US08037000401,08037000401,"Census Tract 4.01, Eagle County, Colorado",4140,76.4,3.8
575,1400000US08037000402,08037000402,"Census Tract 4.02, Eagle County, Colorado",3172,76.3,5.3
576,1400000US08037000403,08037000403,"Census Tract 4.03, Eagle County, Colorado",5832,72.9,4.1
577,1400000US08037000501,08037000501,"Census Tract 5.01, Eagle County, Colorado",751,66.2,4.8
578,1400000US08037000502,08037000502,"Census Tract 5.02, Eagle County, Colorado",3525,86.8,3.3
579,1400000US08037000503,08037000503,"Census Tract 5.03, Eagle County, Colorado",4913,81.7,0.7
580,1400000US08037000600,08037000600,"Census Tract 6, Eagle County, Colorado",1240,75.8,2.5
581,1400000US08037000701,08037000701,"Census Tract 7.01, Eagle County, Colorado",871,84.7,0.5
582,1400000US08037000702,08037000702,"Census Tract 7.02, Eagle County, Colorado",1237,74.4,2.7
583,1400000US08037000703,08037000703,"Census Tract 7.03, Eagle County, Colorado",2931,66.6,8.7
584,1400000US08039961100,08039961100,"Census Tract 9611, Elbert County, Colorado",1633,54.3,7.9
585,1400000US08039961204,08039961204,"Census Tract 9612.04, Elbert County, Colorado",5730,68.0,10.2
586,1400000US08039961205,08039961205,"Census Tract 9612.05, Elbert County, Colorado",1453,61.0,7.5
587,1400000US08039961206,08039961206,"Census Tract 9612.06, Elbert County, Colorado",2937,68.3,4.2
588,1400000US08039961207,08039961207,"Census Tract 9612.07, Elbert County, Colorado",3039,65.2,3.0
589,1400000US08039961208,08039961208,"Census Tract 9612.08, Elbert County, Colorado",2441,66.7,4.7
590,1400000US08039961209,08039961209,"Census Tract 9612.09, Elbert County, Colorado",1901,57.4,5.7
591,1400000US08041000101,08041000101,"Census Tract 1.01, El Paso County, Colorado",5334,53.7,5.9
592,1400000US08041000102,08041000102,"Census Tract 1.02, El Paso County, Colorado",2927,55.8,3.4
593,1400000US08041000202,08041000202,"Census Tract 2.02, El Paso County, Colorado",3609,55.0,9.5
594,1400000US08041000203,08041000203,"Census Tract 2.03, El Paso County, Colorado",3497,64.0,8.3
595,1400000US08041000301,08041000301,"Census Tract 3.01, El Paso County, Colorado",2792,58.1,9.1
596,1400000US08041000302,08041000302,"Census Tract 3.02, El Paso County, Colorado",3934,45.7,14.6
597,1400000US08041000400,08041000400,"Census Tract 4, El Paso County, Colorado",1893,50.9,7.5
598,1400000US08041000500,08041000500,"Census Tract 5, El Paso County, Colorado",1939,56.1,10.3
599,1400000US08041000600,08041000600,"Census Tract 6, El Paso County, Colorado",2769,62.7,5.6
600,1400000US08041000700,08041000700,"Census Tract 7, El Paso County, Colorado",2605,56.7,5.6
601,1400000US08041000800,08041000800,"Census Tract 8, El Paso County, Colorado",2454,63.7,7.8
602,1400000US08041000900,08041000900,"Census Tract 9, El Paso County, Colorado",2044,68.9,6.8
603,1400000US08041001000,08041001000,"Census Tract 10, El Paso County, Colorado",1899,55.1,2.4
604,1400000US08041001101,08041001101,"Census Tract 11.01, El Paso County, Colorado",1045,63.1,7.4
605,1400000US08041001104,08041001104,"Census Tract 11.04, El Paso County, Colorado",2595,63.5,9.8
606,1400000US08041001301,08041001301,"Census Tract 13.01, El Paso County, Colorado",2100,61.9,6.1
607,1400000US08041001302,08041001302,"Census Tract 13.02, El Paso County, Colorado",4440,53.9,11.0
608,1400000US08041001400,08041001400,"Census Tract 14, El Paso County, Colorado",3007,62.0,11.2
609,1400000US08041001500,08041001500,"Census Tract 15, El Paso County, Colorado",1945,60.4,12.8
610,1400000US08041001600,08041001600,"Census Tract 16, El Paso County, Colorado",3384,43.0,11.6
611,1400000US08041001700,08041001700,"Census Tract 17, El Paso County, Colorado",1881,65.2,11.3
612,1400000US08041001800,08041001800,"Census Tract 18, El Paso County, Colorado",1701,68.8,6.8
613,1400000US08041001900,08041001900,"Census Tract 19, El Paso County, Colorado",3619,49.7,16.8
614,1400000US08041002000,08041002000,"Census Tract 20, El Paso County, Colorado",5563,59.2,10.4
615,1400000US08041002101,08041002101,"Census Tract 21.01, El Paso County, Colorado",2965,40.8,13.8
616,1400000US08041002102,08041002102,"Census Tract 21.02, El Paso County, Colorado",3660,50.7,15.9
617,1400000US08041002200,08041002200,"Census Tract 22, El Paso County, Colorado",2167,50.6,15.7
618,1400000US08041002300,08041002300,"Census Tract 23, El Paso County, Colorado",1520,43.3,24.5
619,1400000US08041002400,08041002400,"Census Tract 24, El Paso County, Colorado",4376,52.0,6.7
620,1400000US08041002501,08041002501,"Census Tract 25.01, El Paso County, Colorado",2782,52.2,7.2
621,1400000US08041002502,08041002502,"Census Tract 25.02, El Paso County, Colorado",3526,56.6,5.4
622,1400000US08041002700,08041002700,"Census Tract 27, El Paso County, Colorado",2504,56.2,7.1
623,1400000US08041002800,08041002800,"Census Tract 28, El Paso County, Colorado",4685,53.1,12.8
624,1400000US08041002900,08041002900,"Census Tract 29, El Paso County, Colorado",4579,56.0,9.0
625,1400000US08041003000,08041003000,"Census Tract 30, El Paso County, Colorado",4029,56.6,7.9
626,1400000US08041003100,08041003100,"Census Tract 31, El Paso County, Colorado",3694,46.5,4.2
627,1400000US08041003303,08041003303,"Census Tract 33.03, El Paso County, Colorado",4688,49.4,11.7
628,1400000US08041003305,08041003305,"Census Tract 33.05, El Paso County, Colorado",5932,53.9,6.7
629,1400000US08041003306,08041003306,"Census Tract 33.06, El Paso County, Colorado",2545,57.8,8.2
630,1400000US08041003307,08041003307,"Census Tract 33.07, El Paso County, Colorado",2747,56.0,11.1
631,1400000US08041003308,08041003308,"Census Tract 33.08, El Paso County, Colorado",4659,47.5,7.1
632,1400000US08041003400,08041003400,"Census Tract 34, El Paso County, Colorado",2966,64.4,7.8
633,1400000US08041003701,08041003701,"Census Tract 37.01, El Paso County, Colorado",5882,62.3,6.7
634,1400000US08041003702,08041003702,"Census Tract 37.02, El Paso County, Colorado",4317,60.2,4.7
635,1400000US08041003705,08041003705,"Census Tract 37.05, El Paso County, Colorado",4470,61.8,8.0
636,1400000US08041003706,08041003706,"Census Tract 37.06, El Paso County, Colorado",3778,61.4,6.6
637,1400000US08041003707,08041003707,"Census Tract 37.07, El Paso County, Colorado",3253,63.9,8.4
638,1400000US08041003708,08041003708,"Census Tract 37.08, El Paso County, Colorado",2470,63.5,3.7
639,1400000US08041003709,08041003709,"Census Tract 37.09, El Paso County, Colorado",5351,58.3,8.9
640,1400000US08041003801,08041003801,"Census Tract 38.01, El Paso County, Colorado",1266,31.4,6.8
641,1400000US08041003802,08041003802,"Census Tract 38.02, El Paso County, Colorado",3837,0.0,-
642,1400000US08041003902,08041003902,"Census Tract 39.02, El Paso County, Colorado",8174,58.3,6.3
643,1400000US08041003905,08041003905,"Census Tract 39.05, El Paso County, Colorado",2861,64.2,3.8
644,1400000US08041003906,08041003906,"Census Tract 39.06, El Paso County, Colorado",5405,58.1,11.9
645,1400000US08041003909,08041003909,"Census Tract 39.09, El Paso County, Colorado",4904,61.1,8.0
646,1400000US08041004008,08041004008,"Census Tract 40.08, El Paso County, Colorado",1053,32.9,14.6
647,1400000US08041004009,08041004009,"Census Tract 40.09, El Paso County, Colorado",1235,53.8,17.1
648,1400000US08041004100,08041004100,"Census Tract 41, El Paso County, Colorado",3655,56.9,10.2
649,1400000US08041004200,08041004200,"Census Tract 42, El Paso County, Colorado",2948,60.0,7.3
650,1400000US08041004300,08041004300,"Census Tract 43, El Paso County, Colorado",5054,60.8,11.8
651,1400000US08041004401,08041004401,"Census Tract 44.01, El Paso County, Colorado",5192,25.1,10.9
652,1400000US08041004402,08041004402,"Census Tract 44.02, El Paso County, Colorado",5377,0.6,11.1
653,1400000US08041004403,08041004403,"Census Tract 44.03, El Paso County, Colorado",663,17.5,7.2
654,1400000US08041004501,08041004501,"Census Tract 45.01, El Paso County, Colorado",3388,46.3,12.5
655,1400000US08041004502,08041004502,"Census Tract 45.02, El Paso County, Colorado",3865,52.7,7.5
656,1400000US08041004503,08041004503,"Census Tract 45.03, El Paso County, Colorado",9097,55.8,6.0
657,1400000US08041004506,08041004506,"Census Tract 45.06, El Paso County, Colorado",3476,56.2,8.3
658,1400000US08041004507,08041004507,"Census Tract 45.07, El Paso County, Colorado",2597,49.8,14.9
659,1400000US08041004508,08041004508,"Census Tract 45.08, El Paso County, Colorado",4531,56.3,6.5
660,1400000US08041004510,08041004510,"Census Tract 45.10, El Paso County, Colorado",5629,49.6,12.5
661,1400000US08041004511,08041004511,"Census Tract 45.11, El Paso County, Colorado",5373,63.4,4.4
662,1400000US08041004601,08041004601,"Census Tract 46.01, El Paso County, Colorado",3157,56.9,9.1
663,1400000US08041004602,08041004602,"Census Tract 46.02, El Paso County, Colorado",3005,51.8,12.8
664,1400000US08041004603,08041004603,"Census Tract 46.03, El Paso County, Colorado",4020,56.9,5.0
665,1400000US08041004701,08041004701,"Census Tract 47.01, El Paso County, Colorado",4048,62.1,7.7
666,1400000US08041004702,08041004702,"Census Tract 47.02, El Paso County, Colorado",1808,74.3,4.3
667,1400000US08041004703,08041004703,"Census Tract 47.03, El Paso County, Colorado",4728,67.3,4.6
668,1400000US08041004705,08041004705,"Census Tract 47.05, El Paso County, Colorado",5666,68.8,3.5
669,1400000US08041004706,08041004706,"Census Tract 47.06, El Paso County, Colorado",3600,61.8,7.8
670,1400000US08041004800,08041004800,"Census Tract 48, El Paso County, Colorado",4121,68.7,8.2
671,1400000US08041004901,08041004901,"Census Tract 49.01, El Paso County, Colorado",2820,67.1,7.7
672,1400000US08041004902,08041004902,"Census Tract 49.02, El Paso County, Colorado",4648,61.3,10.4
673,1400000US08041005000,08041005000,"Census Tract 50, El Paso County, Colorado",3961,61.7,7.5
674,1400000US08041005104,08041005104,"Census Tract 51.04, El Paso County, Colorado",5618,55.3,11.0
675,1400000US08041005105,08041005105,"Census Tract 51.05, El Paso County, Colorado",5114,72.8,5.4
676,1400000US08041005106,08041005106,"Census Tract 51.06, El Paso County, Colorado",7816,63.5,8.8
677,1400000US08041005107,08041005107,"Census Tract 51.07, El Paso County, Colorado",6003,69.0,4.4
678,1400000US08041005108,08041005108,"Census Tract 51.08, El Paso County, Colorado",6259,65.3,6.1
679,1400000US08041005109,08041005109,"Census Tract 51.09, El Paso County, Colorado",5622,60.7,7.5
680,1400000US08041005110,08041005110,"Census Tract 51.10, El Paso County, Colorado",2986,69.4,5.3
681,1400000US08041005111,08041005111,"Census Tract 51.11, El Paso County, Colorado",4944,66.4,7.6
682,1400000US08041005201,08041005201,"Census Tract 52.01, El Paso County, Colorado",3337,53.6,18.3
683,1400000US08041005202,08041005202,"Census Tract 52.02, El Paso County, Colorado",2214,62.6,7.7
684,1400000US08041005300,08041005300,"Census Tract 53, El Paso County, Colorado",3718,48.6,15.8
685,1400000US08041005400,08041005400,"Census Tract 54, El Paso County, Colorado",4314,54.2,16.5
686,1400000US08041005501,08041005501,"Census Tract 55.01, El Paso County, Colorado",3720,60.9,9.5
687,1400000US08041005502,08041005502,"Census Tract 55.02, El Paso County, Colorado",3705,63.1,10.6
688,1400000US08041005601,08041005601,"Census Tract 56.01, El Paso County, Colorado",3826,58.6,7.5
689,1400000US08041005602,08041005602,"Census Tract 56.02, El Paso County, Colorado",2539,60.6,10.2
690,1400000US08041005700,08041005700,"Census Tract 57, El Paso County, Colorado",5004,60.7,10.3
691,1400000US08041005800,08041005800,"Census Tract 58, El Paso County, Colorado",2598,56.6,11.5
692,1400000US08041005900,08041005900,"Census Tract 59, El Paso County, Colorado",5745,58.1,8.0
693,1400000US08041006000,08041006000,"Census Tract 60, El Paso County, Colorado",4684,57.6,4.0
694,1400000US08041006100,08041006100,"Census Tract 61, El Paso County, Colorado",2906,63.4,16.8
695,1400000US08041006200,08041006200,"Census Tract 62, El Paso County, Colorado",4399,52.9,10.7
696,1400000US08041006301,08041006301,"Census Tract 63.01, El Paso County, Colorado",3629,56.5,6.0
697,1400000US08041006302,08041006302,"Census Tract 63.02, El Paso County, Colorado",4343,54.7,18.7
698,1400000US08041006400,08041006400,"Census Tract 64, El Paso County, Colorado",5357,57.5,10.5
699,1400000US08041006501,08041006501,"Census Tract 65.01, El Paso County, Colorado",2608,58.0,15.8
700,1400000US08041006502,08041006502,"Census Tract 65.02, El Paso County, Colorado",4626,63.5,7.6
701,1400000US08041006600,08041006600,"Census Tract 66, El Paso County, Colorado",2149,63.3,6.1
702,1400000US08041006700,08041006700,"Census Tract 67, El Paso County, Colorado",5164,62.1,6.6
703,1400000US08041006801,08041006801,"Census Tract 68.01, El Paso County, Colorado",3409,69.2,3.3
704,1400000US08041006802,08041006802,"Census Tract 68.02, El Paso County, Colorado",2880,67.3,8.4
705,1400000US08041006901,08041006901,"Census Tract 69.01, El Paso County, Colorado",3883,68.0,7.6
706,1400000US08041006902,08041006902,"Census Tract 69.02, El Paso County, Colorado",3873,66.0,6.1
707,1400000US08041007000,08041007000,"Census Tract 70, El Paso County, Colorado",3226,65.2,7.3
708,1400000US08041007101,08041007101,"Census Tract 71.01, El Paso County, Colorado",4498,63.7,8.0
709,1400000US08041007102,08041007102,"Census Tract 71.02, El Paso County, Colorado",6809,59.4,5.8
710,1400000US08041007201,08041007201,"Census Tract 72.01, El Paso County, Colorado",5390,63.4,3.0
711,1400000US08041007202,08041007202,"Census Tract 72.02, El Paso County, Colorado",6793,57.5,6.6
712,1400000US08041007300,08041007300,"Census Tract 73, El Paso County, Colorado",7316,61.5,5.4
713,1400000US08041007400,08041007400,"Census Tract 74, El Paso County, Colorado",6562,62.2,6.6
714,1400000US08041007500,08041007500,"Census Tract 75, El Paso County, Colorado",6266,61.6,4.7
715,1400000US08041007601,08041007601,"Census Tract 76.01, El Paso County, Colorado",5330,59.5,7.2
716,1400000US08041007602,08041007602,"Census Tract 76.02, El Paso County, Colorado",2758,57.4,11.1
717,1400000US08041007700,08041007700,"Census Tract 77, El Paso County, Colorado",4957,61.0,4.9
718,1400000US08041007800,08041007800,"Census Tract 78, El Paso County, Colorado",4410,53.8,14.1
719,1400000US08041007900,08041007900,"Census Tract 79, El Paso County, Colorado",2076,46.1,5.4
720,1400000US08041008000,08041008000,"Census Tract 80, El Paso County, Colorado",3496,61.5,10.4
721,1400000US08043978100,08043978100,"Census Tract 9781, Fremont County, Colorado",3054,48.2,10.3
722,1400000US08043978200,08043978200,"Census Tract 9782, Fremont County, Colorado",2853,46.1,12.4
723,1400000US08043978300,08043978300,"Census Tract 9783, Fremont County, Colorado",4343,50.5,6.8
724,1400000US08043978400,08043978400,"Census Tract 9784, Fremont County, Colorado",2021,33.6,11.7
725,1400000US08043978500,08043978500,"Census Tract 9785, Fremont County, Colorado",4310,46.2,5.4
726,1400000US08043978600,08043978600,"Census Tract 9786, Fremont County, Colorado",2477,52.2,14.6
727,1400000US08043978800,08043978800,"Census Tract 9788, Fremont County, Colorado",2064,54.9,9.6
728,1400000US08043979000,08043979000,"Census Tract 9790, Fremont County, Colorado",3008,41.4,6.4
729,1400000US08043979100,08043979100,"Census Tract 9791, Fremont County, Colorado",2567,41.1,9.0
730,1400000US08043979200,08043979200,"Census Tract 9792, Fremont County, Colorado",1623,42.4,9.4
731,1400000US08043979400,08043979400,"Census Tract 9794, Fremont County, Colorado",2666,34.2,9.3
732,1400000US08043980100,08043980100,"Census Tract 9801, Fremont County, Colorado",510,0.0,-
733,1400000US08043980200,08043980200,"Census Tract 9802, Fremont County, Colorado",2848,0.0,-
734,1400000US08043980300,08043980300,"Census Tract 9803, Fremont County, Colorado",5513,0.0,-
735,1400000US08045951600,08045951600,"Census Tract 9516, Garfield County, Colorado",3128,70.6,5.1
736,1400000US08045951701,08045951701,"Census Tract 9517.01, Garfield County, Colorado",3038,78.9,3.6
737,1400000US08045951702,08045951702,"Census Tract 9517.02, Garfield County, Colorado",3085,58.4,10.8
738,1400000US08045951802,08045951802,"Census Tract 9518.02, Garfield County, Colorado",2986,71.5,6.9
739,1400000US08045951803,08045951803,"Census Tract 9518.03, Garfield County, Colorado",4919,73.4,5.5
740,1400000US08045951804,08045951804,"Census Tract 9518.04, Garfield County, Colorado",3343,66.6,6.4
741,1400000US08045951901,08045951901,"Census Tract 9519.01, Garfield County, Colorado",3460,65.1,8.3
742,1400000US08045951902,08045951902,"Census Tract 9519.02, Garfield County, Colorado",4967,70.9,5.7
743,1400000US08045952001,08045952001,"Census Tract 9520.01, Garfield County, Colorado",3729,67.3,9.8
744,1400000US08045952002,08045952002,"Census Tract 9520.02, Garfield County, Colorado",5957,60.2,10.0
745,1400000US08045952100,08045952100,"Census Tract 9521, Garfield County, Colorado",5122,55.3,4.6
746,1400000US08047013800,08047013800,"Census Tract 138, Gilpin County, Colorado",4649,68.0,4.9
747,1400000US08049000100,08049000100,"Census Tract 1, Grand County, Colorado",2470,63.6,11.8
748,1400000US08049000201,08049000201,"Census Tract 2.01, Grand County, Colorado",3949,69.4,3.8
749,1400000US08049000202,08049000202,"Census Tract 2.02, Grand County, Colorado",5589,70.9,4.4
750,1400000US08051963600,08051963600,"Census Tract 9636, Gunnison County, Colorado",2924,65.0,6.6
751,1400000US08051963700,08051963700,"Census Tract 9637, Gunnison County, Colorado",5591,66.7,11.4
752,1400000US08051963800,08051963800,"Census Tract 9638, Gunnison County, Colorado",3829,76.5,3.8
753,1400000US08051963900,08051963900,"Census Tract 9639, Gunnison County, Colorado",813,56.3,6.3
754,1400000US08053973100,08053973100,"Census Tract 9731, Hinsdale County, Colorado",756,59.7,3.0
755,1400000US08055960600,08055960600,"Census Tract 9606, Huerfano County, Colorado",2475,36.8,25.5
756,1400000US08055960900,08055960900,"Census Tract 9609, Huerfano County, Colorado",3066,42.4,5.7
757,1400000US08057955600,08057955600,"Census Tract 9556, Jackson County, Colorado",1139,67.1,1.5
758,1400000US08059009806,08059009806,"Census Tract 98.06, Jefferson County, Colorado",3039,58.6,5.5
759,1400000US08059009807,08059009807,"Census Tract 98.07, Jefferson County, Colorado",1369,54.8,6.5
760,1400000US08059009808,08059009808,"Census Tract 98.08, Jefferson County, Colorado",4393,71.6,4.0
761,1400000US08059009815,08059009815,"Census Tract 98.15, Jefferson County, Colorado",4192,67.4,5.4
762,1400000US08059009823,08059009823,"Census Tract 98.23, Jefferson County, Colorado",3671,73.0,1.9
763,1400000US08059009824,08059009824,"Census Tract 98.24, Jefferson County, Colorado",4050,76.8,7.4
764,1400000US08059009827,08059009827,"Census Tract 98.27, Jefferson County, Colorado",4986,73.2,3.4
765,1400000US08059009828,08059009828,"Census Tract 98.28, Jefferson County, Colorado",4628,61.6,9.7
766,1400000US08059009829,08059009829,"Census Tract 98.29, Jefferson County, Colorado",1494,74.1,4.7
767,1400000US08059009830,08059009830,"Census Tract 98.30, Jefferson County, Colorado",1891,69.7,5.2
768,1400000US08059009831,08059009831,"Census Tract 98.31, Jefferson County, Colorado",2103,90.6,2.7
769,1400000US08059009832,08059009832,"Census Tract 98.32, Jefferson County, Colorado",2276,65.0,8.9
770,1400000US08059009833,08059009833,"Census Tract 98.33, Jefferson County, Colorado",4628,65.4,10.0
771,1400000US08059009834,08059009834,"Census Tract 98.34, Jefferson County, Colorado",3905,66.6,5.4
772,1400000US08059009835,08059009835,"Census Tract 98.35, Jefferson County, Colorado",2957,64.2,3.8
773,1400000US08059009836,08059009836,"Census Tract 98.36, Jefferson County, Colorado",3152,68.3,2.2
774,1400000US08059009837,08059009837,"Census Tract 98.37, Jefferson County, Colorado",2267,70.3,2.3
775,1400000US08059009838,08059009838,"Census Tract 98.38, Jefferson County, Colorado",3556,66.7,3.4
776,1400000US08059009839,08059009839,"Census Tract 98.39, Jefferson County, Colorado",1826,74.3,3.4
777,1400000US08059009840,08059009840,"Census Tract 98.40, Jefferson County, Colorado",3307,62.5,5.4
778,1400000US08059009841,08059009841,"Census Tract 98.41, Jefferson County, Colorado",1958,66.5,5.4
779,1400000US08059009842,08059009842,"Census Tract 98.42, Jefferson County, Colorado",2516,62.1,4.3
780,1400000US08059009843,08059009843,"Census Tract 98.43, Jefferson County, Colorado",6310,72.0,3.5
781,1400000US08059009845,08059009845,"Census Tract 98.45, Jefferson County, Colorado",3349,58.8,3.4
782,1400000US08059009846,08059009846,"Census Tract 98.46, Jefferson County, Colorado",3456,64.7,3.0
783,1400000US08059009847,08059009847,"Census Tract 98.47, Jefferson County, Colorado",2258,62.4,6.6
784,1400000US08059009848,08059009848,"Census Tract 98.48, Jefferson County, Colorado",1882,46.1,11.0
785,1400000US08059009849,08059009849,"Census Tract 98.49, Jefferson County, Colorado",4591,68.9,4.1
786,1400000US08059009850,08059009850,"Census Tract 98.50, Jefferson County, Colorado",2096,72.9,2.1
787,1400000US08059009851,08059009851,"Census Tract 98.51, Jefferson County, Colorado",3082,67.5,4.1
788,1400000US08059009852,08059009852,"Census Tract 98.52, Jefferson County, Colorado",3164,62.1,4.3
789,1400000US08059009900,08059009900,"Census Tract 99, Jefferson County, Colorado",2052,61.2,8.2
790,1400000US08059010000,08059010000,"Census Tract 100, Jefferson County, Colorado",5010,38.5,3.8
791,1400000US08059010100,08059010100,"Census Tract 101, Jefferson County, Colorado",3748,65.4,4.9
792,1400000US08059010205,08059010205,"Census Tract 102.05, Jefferson County, Colorado",1979,56.0,3.6
793,1400000US08059010206,08059010206,"Census Tract 102.06, Jefferson County, Colorado",3425,64.0,4.9
794,1400000US08059010208,08059010208,"Census Tract 102.08, Jefferson County, Colorado",4547,61.3,13.0
795,1400000US08059010209,08059010209,"Census Tract 102.09, Jefferson County, Colorado",4868,66.6,6.4
796,1400000US08059010210,08059010210,"Census Tract 102.10, Jefferson County, Colorado",2839,63.0,5.7
797,1400000US08059010211,08059010211,"Census Tract 102.11, Jefferson County, Colorado",2803,54.6,8.9
798,1400000US08059010212,08059010212,"Census Tract 102.12, Jefferson County, Colorado",3877,68.6,6.7
799,1400000US08059010213,08059010213,"Census Tract 102.13, Jefferson County, Colorado",3896,65.9,6.7
800,1400000US08059010303,08059010303,"Census Tract 103.03, Jefferson County, Colorado",4251,64.2,2.2
801,1400000US08059010304,08059010304,"Census Tract 103.04, Jefferson County, Colorado",2401,57.9,7.6
802,1400000US08059010305,08059010305,"Census Tract 103.05, Jefferson County, Colorado",3233,69.3,7.1
803,1400000US08059010306,08059010306,"Census Tract 103.06, Jefferson County, Colorado",2438,61.9,10.2
804,1400000US08059010307,08059010307,"Census Tract 103.07, Jefferson County, Colorado",3940,66.3,7.2
805,1400000US08059010308,08059010308,"Census Tract 103.08, Jefferson County, Colorado",4899,73.7,2.7
806,1400000US08059010402,08059010402,"Census Tract 104.02, Jefferson County, Colorado",4497,61.0,8.3
807,1400000US08059010403,08059010403,"Census Tract 104.03, Jefferson County, Colorado",4207,67.3,6.8
808,1400000US08059010405,08059010405,"Census Tract 104.05, Jefferson County, Colorado",2028,66.4,3.9
809,1400000US08059010406,08059010406,"Census Tract 104.06, Jefferson County, Colorado",1982,68.2,4.4
810,1400000US08059010502,08059010502,"Census Tract 105.02, Jefferson County, Colorado",4420,57.1,10.9
811,1400000US08059010503,08059010503,"Census Tract 105.03, Jefferson County, Colorado",3641,56.7,10.3
812,1400000US08059010504,08059010504,"Census Tract 105.04, Jefferson County, Colorado",2433,58.9,6.3
813,1400000US08059010603,08059010603,"Census Tract 106.03, Jefferson County, Colorado",3043,65.1,8.2
814,1400000US08059010604,08059010604,"Census Tract 106.04, Jefferson County, Colorado",1899,59.4,6.8
815,1400000US08059010701,08059010701,"Census Tract 107.01, Jefferson County, Colorado",3493,58.8,3.1
816,1400000US08059010702,08059010702,"Census Tract 107.02, Jefferson County, Colorado",4028,66.1,7.6
817,1400000US08059010801,08059010801,"Census Tract 108.01, Jefferson County, Colorado",2074,57.9,10.6
818,1400000US08059010901,08059010901,"Census Tract 109.01, Jefferson County, Colorado",3739,59.2,11.9
819,1400000US08059010902,08059010902,"Census Tract 109.02, Jefferson County, Colorado",1978,71.2,9.4
820,1400000US08059011000,08059011000,"Census Tract 110, Jefferson County, Colorado",4836,64.6,7.4
821,1400000US08059011100,08059011100,"Census Tract 111, Jefferson County, Colorado",5062,61.1,8.7
822,1400000US08059011202,08059011202,"Census Tract 112.02, Jefferson County, Colorado",4041,62.6,7.3
823,1400000US08059011300,08059011300,"Census Tract 113, Jefferson County, Colorado",2643,59.4,14.5
824,1400000US08059011401,08059011401,"Census Tract 114.01, Jefferson County, Colorado",2501,66.1,9.3
825,1400000US08059011402,08059011402,"Census Tract 114.02, Jefferson County, Colorado",3370,58.6,6.2
826,1400000US08059011550,08059011550,"Census Tract 115.50, Jefferson County, Colorado",4615,57.2,10.2
827,1400000US08059011601,08059011601,"Census Tract 116.01, Jefferson County, Colorado",3007,56.3,10.7
828,1400000US08059011602,08059011602,"Census Tract 116.02, Jefferson County, Colorado",3431,59.8,4.5
829,1400000US08059011701,08059011701,"Census Tract 117.01, Jefferson County, Colorado",4104,63.3,4.5
830,1400000US08059011702,08059011702,"Census Tract 117.02, Jefferson County, Colorado",4772,59.6,5.6
831,1400000US08059011708,08059011708,"Census Tract 117.08, Jefferson County, Colorado",3327,58.2,1.7
832,1400000US08059011709,08059011709,"Census Tract 117.09, Jefferson County, Colorado",2870,65.7,9.0
833,1400000US08059011710,08059011710,"Census Tract 117.10, Jefferson County, Colorado",3162,66.9,8.4
834,1400000US08059011711,08059011711,"Census Tract 117.11, Jefferson County, Colorado",3428,65.5,8.5
835,1400000US08059011712,08059011712,"Census Tract 117.12, Jefferson County, Colorado",3492,61.9,6.7
836,1400000US08059011720,08059011720,"Census Tract 117.20, Jefferson County, Colorado",4261,61.6,7.0
837,1400000US08059011721,08059011721,"Census Tract 117.21, Jefferson County, Colorado",2329,68.2,2.4
838,1400000US08059011723,08059011723,"Census Tract 117.23, Jefferson County, Colorado",2900,63.4,6.0
839,1400000US08059011724,08059011724,"Census Tract 117.24, Jefferson County, Colorado",3969,70.5,5.7
840,1400000US08059011725,08059011725,"Census Tract 117.25, Jefferson County, Colorado",1433,66.6,5.1
841,1400000US08059011726,08059011726,"Census Tract 117.26, Jefferson County, Colorado",4869,62.3,6.9
842,1400000US08059011727,08059011727,"Census Tract 117.27, Jefferson County, Colorado",2957,60.4,4.4
843,1400000US08059011728,08059011728,"Census Tract 117.28, Jefferson County, Colorado",2269,54.3,9.4
844,1400000US08059011729,08059011729,"Census Tract 117.29, Jefferson County, Colorado",3232,77.1,4.7
845,1400000US08059011730,08059011730,"Census Tract 117.30, Jefferson County, Colorado",2947,67.1,8.8
846,1400000US08059011731,08059011731,"Census Tract 117.31, Jefferson County, Colorado",3451,71.6,3.9
847,1400000US08059011732,08059011732,"Census Tract 117.32, Jefferson County, Colorado",4133,76.8,5.4
848,1400000US08059011733,08059011733,"Census Tract 117.33, Jefferson County, Colorado",1073,69.4,5.2
849,1400000US08059011803,08059011803,"Census Tract 118.03, Jefferson County, Colorado",4372,67.7,4.6
850,1400000US08059011804,08059011804,"Census Tract 118.04, Jefferson County, Colorado",3475,62.5,4.6
851,1400000US08059011805,08059011805,"Census Tract 118.05, Jefferson County, Colorado",4127,85.3,3.3
852,1400000US08059011806,08059011806,"Census Tract 118.06, Jefferson County, Colorado",3827,61.9,3.7
853,1400000US08059011904,08059011904,"Census Tract 119.04, Jefferson County, Colorado",1969,63.4,5.5
854,1400000US08059011951,08059011951,"Census Tract 119.51, Jefferson County, Colorado",2569,63.1,3.1
855,1400000US08059012022,08059012022,"Census Tract 120.22, Jefferson County, Colorado",4551,70.9,6.2
856,1400000US08059012023,08059012023,"Census Tract 120.23, Jefferson County, Colorado",2724,64.9,5.8
857,1400000US08059012024,08059012024,"Census Tract 120.24, Jefferson County, Colorado",4254,64.2,8.8
858,1400000US08059012026,08059012026,"Census Tract 120.26, Jefferson County, Colorado",3045,61.2,10.3
859,1400000US08059012027,08059012027,"Census Tract 120.27, Jefferson County, Colorado",2559,60.5,7.1
860,1400000US08059012030,08059012030,"Census Tract 120.30, Jefferson County, Colorado",3286,69.3,3.8
861,1400000US08059012031,08059012031,"Census Tract 120.31, Jefferson County, Colorado",3421,69.0,7.1
862,1400000US08059012032,08059012032,"Census Tract 120.32, Jefferson County, Colorado",2040,62.6,6.6
863,1400000US08059012033,08059012033,"Census Tract 120.33, Jefferson County, Colorado",2214,64.3,3.7
864,1400000US08059012034,08059012034,"Census Tract 120.34, Jefferson County, Colorado",3099,63.1,4.9
865,1400000US08059012035,08059012035,"Census Tract 120.35, Jefferson County, Colorado",4025,69.4,4.9
866,1400000US08059012036,08059012036,"Census Tract 120.36, Jefferson County, Colorado",2934,69.7,6.2
867,1400000US08059012037,08059012037,"Census Tract 120.37, Jefferson County, Colorado",2878,68.3,4.6
868,1400000US08059012038,08059012038,"Census Tract 120.38, Jefferson County, Colorado",2852,68.8,10.6
869,1400000US08059012039,08059012039,"Census Tract 120.39, Jefferson County, Colorado",4285,70.9,2.6
870,1400000US08059012041,08059012041,"Census Tract 120.41, Jefferson County, Colorado",4399,66.4,4.1
871,1400000US08059012042,08059012042,"Census Tract 120.42, Jefferson County, Colorado",3223,68.5,4.7
872,1400000US08059012043,08059012043,"Census Tract 120.43, Jefferson County, Colorado",4411,70.9,3.7
873,1400000US08059012044,08059012044,"Census Tract 120.44, Jefferson County, Colorado",3082,74.4,6.0
874,1400000US08059012045,08059012045,"Census Tract 120.45, Jefferson County, Colorado",4671,75.5,4.3
875,1400000US08059012046,08059012046,"Census Tract 120.46, Jefferson County, Colorado",1685,69.5,5.3
876,1400000US08059012047,08059012047,"Census Tract 120.47, Jefferson County, Colorado",3293,73.6,7.2
877,1400000US08059012048,08059012048,"Census Tract 120.48, Jefferson County, Colorado",2005,53.0,5.1
878,1400000US08059012049,08059012049,"Census Tract 120.49, Jefferson County, Colorado",2973,72.5,3.2
879,1400000US08059012050,08059012050,"Census Tract 120.50, Jefferson County, Colorado",3097,63.5,4.0
880,1400000US08059012051,08059012051,"Census Tract 120.51, Jefferson County, Colorado",2830,54.2,4.5
881,1400000US08059012052,08059012052,"Census Tract 120.52, Jefferson County, Colorado",4121,72.0,5.1
882,1400000US08059012053,08059012053,"Census Tract 120.53, Jefferson County, Colorado",3335,70.2,4.2
883,1400000US08059012054,08059012054,"Census Tract 120.54, Jefferson County, Colorado",3438,63.2,2.9
884,1400000US08059012055,08059012055,"Census Tract 120.55, Jefferson County, Colorado",2936,63.1,5.4
885,1400000US08059012057,08059012057,"Census Tract 120.57, Jefferson County, Colorado",4974,78.9,4.2
886,1400000US08059012058,08059012058,"Census Tract 120.58, Jefferson County, Colorado",3294,65.3,5.4
887,1400000US08059012059,08059012059,"Census Tract 120.59, Jefferson County, Colorado",2628,69.3,3.2
888,1400000US08059012060,08059012060,"Census Tract 120.60, Jefferson County, Colorado",2490,75.9,8.6
889,1400000US08059015800,08059015800,"Census Tract 158, Jefferson County, Colorado",3133,62.3,7.1
890,1400000US08059015900,08059015900,"Census Tract 159, Jefferson County, Colorado",2906,61.5,3.3
891,1400000US08059060300,08059060300,"Census Tract 603, Jefferson County, Colorado",3390,75.0,6.9
892,1400000US08059060400,08059060400,"Census Tract 604, Jefferson County, Colorado",3080,69.4,8.5
893,1400000US08059060500,08059060500,"Census Tract 605, Jefferson County, Colorado",3623,73.8,2.7
894,1400000US08059980000,08059980000,"Census Tract 9800, Jefferson County, Colorado",0,-,-
895,1400000US08059980400,08059980400,"Census Tract 9804, Jefferson County, Colorado",1290,0.0,-
896,1400000US08061960100,08061960100,"Census Tract 9601, Kiowa County, Colorado",1150,62.9,2.0
897,1400000US08063962100,08063962100,"Census Tract 9621, Kit Carson County, Colorado",4351,51.5,5.1
898,1400000US08063962200,08063962200,"Census Tract 9622, Kit Carson County, Colorado",1040,63.3,5.7
899,1400000US08063962300,08063962300,"Census Tract 9623, Kit Carson County, Colorado",912,57.2,9.7
900,1400000US08065961700,08065961700,"Census Tract 9617, Lake County, Colorado",4101,70.5,3.1
901,1400000US08065961900,08065961900,"Census Tract 9619, Lake County, Colorado",1816,68.0,11.4
902,1400000US08067940300,08067940300,"Census Tract 9403, La Plata County, Colorado",4946,60.7,5.7
903,1400000US08067940400,08067940400,"Census Tract 9404, La Plata County, Colorado",4590,63.4,5.5
904,1400000US08067970600,08067970600,"Census Tract 9706, La Plata County, Colorado",7157,62.3,4.2
905,1400000US08067970701,08067970701,"Census Tract 9707.01, La Plata County, Colorado",3850,66.3,4.1
906,1400000US08067970703,08067970703,"Census Tract 9707.03, La Plata County, Colorado",4252,66.2,5.7
907,1400000US08067970704,08067970704,"Census Tract 9707.04, La Plata County, Colorado",3235,52.7,8.0
908,1400000US08067970800,08067970800,"Census Tract 9708, La Plata County, Colorado",5878,64.0,4.4
909,1400000US08067970900,08067970900,"Census Tract 9709, La Plata County, Colorado",3257,60.5,4.9
910,1400000US08067971000,08067971000,"Census Tract 9710, La Plata County, Colorado",2607,68.1,4.0
911,1400000US08067971100,08067971100,"Census Tract 9711, La Plata County, Colorado",4162,72.4,6.6
912,1400000US08069000100,08069000100,"Census Tract 1, Larimer County, Colorado",2205,65.9,5.6
913,1400000US08069000201,08069000201,"Census Tract 2.01, Larimer County, Colorado",3244,67.6,5.3
914,1400000US08069000202,08069000202,"Census Tract 2.02, Larimer County, Colorado",2234,73.2,5.9
915,1400000US08069000300,08069000300,"Census Tract 3, Larimer County, Colorado",2432,71.2,4.2
916,1400000US08069000401,08069000401,"Census Tract 4.01, Larimer County, Colorado",1684,71.6,2.8
917,1400000US08069000402,08069000402,"Census Tract 4.02, Larimer County, Colorado",2303,76.7,4.7
918,1400000US08069000503,08069000503,"Census Tract 5.03, Larimer County, Colorado",4880,60.5,8.8
919,1400000US08069000504,08069000504,"Census Tract 5.04, Larimer County, Colorado",3044,68.6,5.9
920,1400000US08069000505,08069000505,"Census Tract 5.05, Larimer County, Colorado",3162,57.7,10.9
921,1400000US08069000506,08069000506,"Census Tract 5.06, Larimer County, Colorado",2729,68.6,5.5
922,1400000US08069000600,08069000600,"Census Tract 6, Larimer County, Colorado",6383,33.2,24.9
923,1400000US08069000700,08069000700,"Census Tract 7, Larimer County, Colorado",2512,76.2,7.8
924,1400000US08069000801,08069000801,"Census Tract 8.01, Larimer County, Colorado",1592,61.4,6.6
925,1400000US08069000802,08069000802,"Census Tract 8.02, Larimer County, Colorado",1123,62.2,9.5
926,1400000US08069000901,08069000901,"Census Tract 9.01, Larimer County, Colorado",4658,62.9,11.0
927,1400000US08069000902,08069000902,"Census Tract 9.02, Larimer County, Colorado",2958,67.3,6.3
928,1400000US08069001003,08069001003,"Census Tract 10.03, Larimer County, Colorado",4189,68.0,9.5
929,1400000US08069001004,08069001004,"Census Tract 10.04, Larimer County, Colorado",2634,58.1,5.0
930,1400000US08069001007,08069001007,"Census Tract 10.07, Larimer County, Colorado",3127,68.5,10.6
931,1400000US08069001008,08069001008,"Census Tract 10.08, Larimer County, Colorado",1667,71.4,5.0
932,1400000US08069001009,08069001009,"Census Tract 10.09, Larimer County, Colorado",5066,60.9,6.0
933,1400000US08069001010,08069001010,"Census Tract 10.10, Larimer County, Colorado",2190,44.8,4.6
934,1400000US08069001104,08069001104,"Census Tract 11.04, Larimer County, Colorado",4983,74.1,5.5
935,1400000US08069001106,08069001106,"Census Tract 11.06, Larimer County, Colorado",4125,71.6,4.4
936,1400000US08069001107,08069001107,"Census Tract 11.07, Larimer County, Colorado",4600,67.0,9.9
937,1400000US08069001109,08069001109,"Census Tract 11.09, Larimer County, Colorado",3896,69.9,6.4
938,1400000US08069001110,08069001110,"Census Tract 11.10, Larimer County, Colorado",5078,65.7,6.1
939,1400000US08069001111,08069001111,"Census Tract 11.11, Larimer County, Colorado",2036,56.0,4.9
940,1400000US08069001112,08069001112,"Census Tract 11.12, Larimer County, Colorado",3385,65.2,3.7
941,1400000US08069001113,08069001113,"Census Tract 11.13, Larimer County, Colorado",2778,65.6,8.3
942,1400000US08069001114,08069001114,"Census Tract 11.14, Larimer County, Colorado",1920,56.3,5.5
943,1400000US08069001301,08069001301,"Census Tract 13.01, Larimer County, Colorado",3318,57.5,7.6
944,1400000US08069001304,08069001304,"Census Tract 13.04, Larimer County, Colorado",1959,52.2,9.6
945,1400000US08069001305,08069001305,"Census Tract 13.05, Larimer County, Colorado",1617,67.2,9.9
946,1400000US08069001306,08069001306,"Census Tract 13.06, Larimer County, Colorado",1719,55.7,11.5
947,1400000US08069001307,08069001307,"Census Tract 13.07, Larimer County, Colorado",3293,67.6,6.0
948,1400000US08069001308,08069001308,"Census Tract 13.08, Larimer County, Colorado",4234,64.8,7.5
949,1400000US08069001601,08069001601,"Census Tract 16.01, Larimer County, Colorado",1405,64.6,8.7
950,1400000US08069001602,08069001602,"Census Tract 16.02, Larimer County, Colorado",3760,69.2,5.0
951,1400000US08069001603,08069001603,"Census Tract 16.03, Larimer County, Colorado",4263,71.2,5.9
952,1400000US08069001605,08069001605,"Census Tract 16.05, Larimer County, Colorado",3218,49.5,4.3
953,1400000US08069001606,08069001606,"Census Tract 16.06, Larimer County, Colorado",2194,74.2,2.7
954,1400000US08069001607,08069001607,"Census Tract 16.07, Larimer County, Colorado",2679,72.9,3.2
955,1400000US08069001608,08069001608,"Census Tract 16.08, Larimer County, Colorado",3672,63.1,8.1
956,1400000US08069001704,08069001704,"Census Tract 17.04, Larimer County, Colorado",6989,60.9,10.4
957,1400000US08069001706,08069001706,"Census Tract 17.06, Larimer County, Colorado",5263,67.8,5.2
958,1400000US08069001707,08069001707,"Census Tract 17.07, Larimer County, Colorado",4309,64.1,8.8
959,1400000US08069001708,08069001708,"Census Tract 17.08, Larimer County, Colorado",2632,75.3,6.1
960,1400000US08069001709,08069001709,"Census Tract 17.09, Larimer County, Colorado",11194,65.6,5.1
961,1400000US08069001804,08069001804,"Census Tract 18.04, Larimer County, Colorado",3025,62.2,9.7
962,1400000US08069001806,08069001806,"Census Tract 18.06, Larimer County, Colorado",6304,55.7,7.1
963,1400000US08069001807,08069001807,"Census Tract 18.07, Larimer County, Colorado",4549,60.3,6.1
964,1400000US08069001808,08069001808,"Census Tract 18.08, Larimer County, Colorado",4127,53.8,6.3
965,1400000US08069001809,08069001809,"Census Tract 18.09, Larimer County, Colorado",8488,64.4,2.8
966,1400000US08069001901,08069001901,"Census Tract 19.01, Larimer County, Colorado",3366,58.2,11.6
967,1400000US08069001902,08069001902,"Census Tract 19.02, Larimer County, Colorado",3777,59.5,5.8
968,1400000US08069001903,08069001903,"Census Tract 19.03, Larimer County, Colorado",3354,53.8,9.4
969,1400000US08069002005,08069002005,"Census Tract 20.05, Larimer County, Colorado",4025,65.5,6.5
970,1400000US08069002007,08069002007,"Census Tract 20.07, Larimer County, Colorado",2940,63.6,6.0
971,1400000US08069002008,08069002008,"Census Tract 20.08, Larimer County, Colorado",3019,61.8,7.8
972,1400000US08069002010,08069002010,"Census Tract 20.10, Larimer County, Colorado",2182,64.8,4.8
973,1400000US08069002011,08069002011,"Census Tract 20.11, Larimer County, Colorado",4539,60.7,2.8
974,1400000US08069002300,08069002300,"Census Tract 23, Larimer County, Colorado",2810,67.6,6.1
975,1400000US08069002401,08069002401,"Census Tract 24.01, Larimer County, Colorado",960,50.2,2.8
976,1400000US08069002402,08069002402,"Census Tract 24.02, Larimer County, Colorado",2334,54.2,3.4
977,1400000US08069002501,08069002501,"Census Tract 25.01, Larimer County, Colorado",6419,57.7,4.3
978,1400000US08069002502,08069002502,"Census Tract 25.02, Larimer County, Colorado",6369,72.7,3.9
979,1400000US08069002503,08069002503,"Census Tract 25.03, Larimer County, Colorado",2899,65.6,8.1
980,1400000US08069002600,08069002600,"Census Tract 26, Larimer County, Colorado",5652,63.2,5.7
981,1400000US08069002700,08069002700,"Census Tract 27, Larimer County, Colorado",4366,64.5,6.0
982,1400000US08069002801,08069002801,"Census Tract 28.01, Larimer County, Colorado",3006,54.6,6.1
983,1400000US08069002802,08069002802,"Census Tract 28.02, Larimer County, Colorado",4857,53.3,4.0
984,1400000US08069002803,08069002803,"Census Tract 28.03, Larimer County, Colorado",91,95.6,0.0
985,1400000US08071000100,08071000100,"Census Tract 1, Las Animas County, Colorado",2796,50.2,10.4
986,1400000US08071000200,08071000200,"Census Tract 2, Las Animas County, Colorado",2067,52.1,14.4
987,1400000US08071000300,08071000300,"Census Tract 3, Las Animas County, Colorado",1658,45.5,7.6
988,1400000US08071000400,08071000400,"Census Tract 4, Las Animas County, Colorado",1508,53.8,8.7
989,1400000US08071000500,08071000500,"Census Tract 5, Las Animas County, Colorado",1628,44.7,9.1
990,1400000US08071000800,08071000800,"Census Tract 8, Las Animas County, Colorado",2314,48.8,3.8
991,1400000US08073961700,08073961700,"Census Tract 9617, Lincoln County, Colorado",3123,26.7,7.4
992,1400000US08073961800,08073961800,"Census Tract 9618, Lincoln County, Colorado",1413,46.3,4.8
993,1400000US08075965900,08075965900,"Census Tract 9659, Logan County, Colorado",1076,63.5,7.2
994,1400000US08075966000,08075966000,"Census Tract 9660, Logan County, Colorado",1706,59.8,4.7
995,1400000US08075966100,08075966100,"Census Tract 9661, Logan County, Colorado",6175,53.8,12.7
996,1400000US08075966200,08075966200,"Census Tract 9662, Logan County, Colorado",3463,63.0,7.0
997,1400000US08075966300,08075966300,"Census Tract 9663, Logan County, Colorado",4015,56.6,9.4
998,1400000US08075966400,08075966400,"Census Tract 9664, Logan County, Colorado",1815,50.9,3.6
999,1400000US08077000200,08077000200,"Census Tract 2, Mesa County, Colorado",1912,66.9,6.4
1000,1400000US08077000300,08077000300,"Census Tract 3, Mesa County, Colorado",1074,66.2,7.1
1001,1400000US08077000400,08077000400,"Census Tract 4, Mesa County, Colorado",2809,64.6,7.3
1002,1400000US08077000500,08077000500,"Census Tract 5, Mesa County, Colorado",2962,38.7,19.4
1003,1400000US08077000601,08077000601,"Census Tract 6.01, Mesa County, Colorado",3433,53.5,8.4
1004,1400000US08077000602,08077000602,"Census Tract 6.02, Mesa County, Colorado",3974,55.7,12.6
1005,1400000US08077000700,08077000700,"Census Tract 7, Mesa County, Colorado",3212,60.8,15.6
1006,1400000US08077000800,08077000800,"Census Tract 8, Mesa County, Colorado",6673,59.3,10.2
1007,1400000US08077000900,08077000900,"Census Tract 9, Mesa County, Colorado",1965,57.9,8.2
1008,1400000US08077001001,08077001001,"Census Tract 10.01, Mesa County, Colorado",3740,48.6,1.1
1009,1400000US08077001002,08077001002,"Census Tract 10.02, Mesa County, Colorado",5523,56.3,8.3
1010,1400000US08077001101,08077001101,"Census Tract 11.01, Mesa County, Colorado",6155,60.3,4.2
1011,1400000US08077001102,08077001102,"Census Tract 11.02, Mesa County, Colorado",3666,55.1,7.5
1012,1400000US08077001200,08077001200,"Census Tract 12, Mesa County, Colorado",1998,50.6,7.8
1013,1400000US08077001301,08077001301,"Census Tract 13.01, Mesa County, Colorado",6623,60.7,11.4
1014,1400000US08077001302,08077001302,"Census Tract 13.02, Mesa County, Colorado",3664,56.6,7.0
1015,1400000US08077001402,08077001402,"Census Tract 14.02, Mesa County, Colorado",5145,49.9,8.2
1016,1400000US08077001403,08077001403,"Census Tract 14.03, Mesa County, Colorado",2972,64.5,6.5
1017,1400000US08077001404,08077001404,"Census Tract 14.04, Mesa County, Colorado",3969,54.9,7.7
1018,1400000US08077001501,08077001501,"Census Tract 15.01, Mesa County, Colorado",9838,61.4,8.5
1019,1400000US08077001502,08077001502,"Census Tract 15.02, Mesa County, Colorado",6132,60.5,7.5
1020,1400000US08077001600,08077001600,"Census Tract 16, Mesa County, Colorado",2782,57.8,6.6
1021,1400000US08077001702,08077001702,"Census Tract 17.02, Mesa County, Colorado",4038,55.8,5.4
1022,1400000US08077001703,08077001703,"Census Tract 17.03, Mesa County, Colorado",3479,57.5,7.7
1023,1400000US08077001705,08077001705,"Census Tract 17.05, Mesa County, Colorado",3932,57.0,12.1
1024,1400000US08077001706,08077001706,"Census Tract 17.06, Mesa County, Colorado",4744,57.5,15.9
1025,1400000US08077001707,08077001707,"Census Tract 17.07, Mesa County, Colorado",4599,66.0,7.5
1026,1400000US08077001800,08077001800,"Census Tract 18, Mesa County, Colorado",2469,57.6,5.9
1027,1400000US08077001900,08077001900,"Census Tract 19, Mesa County, Colorado",4078,60.2,4.7
1028,1400000US08079973600,08079973600,"Census Tract 9736, Mineral County, Colorado",679,45.5,1.6
1029,1400000US08081000300,08081000300,"Census Tract 3, Moffat County, Colorado",2336,66.6,3.8
1030,1400000US08081000400,08081000400,"Census Tract 4, Moffat County, Colorado",3376,58.3,8.2
1031,1400000US08081000500,08081000500,"Census Tract 5, Moffat County, Colorado",3178,67.8,5.1
1032,1400000US08081000600,08081000600,"Census Tract 6, Moffat County, Colorado",1198,55.6,5.8
1033,1400000US08083941100,08083941100,"Census Tract 9411, Montezuma County, Colorado",831,44.4,9.3
1034,1400000US08083969000,08083969000,"Census Tract 9690, Montezuma County, Colorado",2811,55.8,7.8
1035,1400000US08083969100,08083969100,"Census Tract 9691, Montezuma County, Colorado",2860,57.1,3.4
1036,1400000US08083969200,08083969200,"Census Tract 9692, Montezuma County, Colorado",2310,52.5,10.1
1037,1400000US08083969300,08083969300,"Census Tract 9693, Montezuma County, Colorado",4501,52.7,13.0
1038,1400000US08083969400,08083969400,"Census Tract 9694, Montezuma County, Colorado",3054,61.3,10.4
1039,1400000US08083969600,08083969600,"Census Tract 9696, Montezuma County, Colorado",4077,50.2,10.1
1040,1400000US08085966100,08085966100,"Census Tract 9661, Montrose County, Colorado",1881,54.1,7.2
1041,1400000US08085966201,08085966201,"Census Tract 9662.01, Montrose County, Colorado",2206,45.1,7.0
1042,1400000US08085966202,08085966202,"Census Tract 9662.02, Montrose County, Colorado",3346,57.5,13.1
1043,1400000US08085966300,08085966300,"Census Tract 9663, Montrose County, Colorado",4899,53.9,12.7
1044,1400000US08085966400,08085966400,"Census Tract 9664, Montrose County, Colorado",4910,50.5,9.8
1045,1400000US08085966501,08085966501,"Census Tract 9665.01, Montrose County, Colorado",2572,43.2,14.7
1046,1400000US08085966502,08085966502,"Census Tract 9665.02, Montrose County, Colorado",3215,52.4,6.0
1047,1400000US08085966503,08085966503,"Census Tract 9665.03, Montrose County, Colorado",2502,50.5,10.1
1048,1400000US08085966601,08085966601,"Census Tract 9666.01, Montrose County, Colorado",3311,59.7,7.9
1049,1400000US08085966602,08085966602,"Census Tract 9666.02, Montrose County, Colorado",3756,46.3,10.2
1050,1400000US08087000100,08087000100,"Census Tract 1, Morgan County, Colorado",2227,68.2,2.5
1051,1400000US08087000200,08087000200,"Census Tract 2, Morgan County, Colorado",2210,59.7,4.6
1052,1400000US08087000300,08087000300,"Census Tract 3, Morgan County, Colorado",1661,61.2,5.0
1053,1400000US08087000400,08087000400,"Census Tract 4, Morgan County, Colorado",3288,59.2,6.7
1054,1400000US08087000500,08087000500,"Census Tract 5, Morgan County, Colorado",2018,59.1,9.9
1055,1400000US08087000600,08087000600,"Census Tract 6, Morgan County, Colorado",4367,70.7,3.9
1056,1400000US08087000700,08087000700,"Census Tract 7, Morgan County, Colorado",4288,52.1,10.6
1057,1400000US08087000800,08087000800,"Census Tract 8, Morgan County, Colorado",1440,66.0,5.3
1058,1400000US08089968000,08089968000,"Census Tract 9680, Otero County, Colorado",1206,49.1,13.5
1059,1400000US08089968100,08089968100,"Census Tract 9681, Otero County, Colorado",2179,47.1,9.2
1060,1400000US08089968200,08089968200,"Census Tract 9682, Otero County, Colorado",2313,52.6,11.7
1061,1400000US08089968300,08089968300,"Census Tract 9683, Otero County, Colorado",3132,48.5,9.4
1062,1400000US08089968400,08089968400,"Census Tract 9684, Otero County, Colorado",850,42.5,10.6
1063,1400000US08089968500,08089968500,"Census Tract 9685, Otero County, Colorado",1229,56.9,6.0
1064,1400000US08089968600,08089968600,"Census Tract 9686, Otero County, Colorado",3821,49.8,12.7
1065,1400000US08091967600,08091967600,"Census Tract 9676, Ouray County, Colorado",4010,56.4,6.7
1066,1400000US08093000100,08093000100,"Census Tract 1, Park County, Colorado",4874,61.5,8.9
1067,1400000US08093000200,08093000200,"Census Tract 2, Park County, Colorado",3193,71.4,2.1
1068,1400000US08093000300,08093000300,"Census Tract 3, Park County, Colorado",2330,77.4,5.6
1069,1400000US08093000400,08093000400,"Census Tract 4, Park County, Colorado",1230,55.3,6.3
1070,1400000US08093000500,08093000500,"Census Tract 5, Park County, Colorado",2202,48.2,2.8
1071,1400000US08095967600,08095967600,"Census Tract 9676, Phillips County, Colorado",2269,60.0,4.4
1072,1400000US08095967700,08095967700,"Census Tract 9677, Phillips County, Colorado",1161,53.6,7.4
1073,1400000US08097000100,08097000100,"Census Tract 1, Pitkin County, Colorado",6709,70.0,7.0
1074,1400000US08097000401,08097000401,"Census Tract 4.01, Pitkin County, Colorado",3947,64.0,11.5
1075,1400000US08097000402,08097000402,"Census Tract 4.02, Pitkin County, Colorado",2552,67.4,6.5
1076,1400000US08097000500,08097000500,"Census Tract 5, Pitkin County, Colorado",1703,79.0,4.2
1077,1400000US08099000100,08099000100,"Census Tract 1, Prowers County, Colorado",1072,63.8,8.3
1078,1400000US08099000200,08099000200,"Census Tract 2, Prowers County, Colorado",1759,45.2,25.3
1079,1400000US08099000300,08099000300,"Census Tract 3, Prowers County, Colorado",3918,63.4,4.7
1080,1400000US08099000600,08099000600,"Census Tract 6, Prowers County, Colorado",1036,60.2,4.6
1081,1400000US08099000700,08099000700,"Census Tract 7, Prowers County, Colorado",1584,56.9,10.8
1082,1400000US08101000100,08101000100,"Census Tract 1, Pueblo County, Colorado",2146,58.0,10.4
1083,1400000US08101000200,08101000200,"Census Tract 2, Pueblo County, Colorado",1537,48.8,11.6
1084,1400000US08101000300,08101000300,"Census Tract 3, Pueblo County, Colorado",2033,0.0,-
1085,1400000US08101000400,08101000400,"Census Tract 4, Pueblo County, Colorado",2138,60.7,11.9
1086,1400000US08101000500,08101000500,"Census Tract 5, Pueblo County, Colorado",1872,52.9,12.7
1087,1400000US08101000600,08101000600,"Census Tract 6, Pueblo County, Colorado",1522,41.7,18.9
1088,1400000US08101000800,08101000800,"Census Tract 8, Pueblo County, Colorado",2423,48.9,14.2
1089,1400000US08101000902,08101000902,"Census Tract 9.02, Pueblo County, Colorado",4743,54.4,14.4
1090,1400000US08101000903,08101000903,"Census Tract 9.03, Pueblo County, Colorado",575,43.0,9.9
1091,1400000US08101000904,08101000904,"Census Tract 9.04, Pueblo County, Colorado",3278,38.8,3.3
1092,1400000US08101000905,08101000905,"Census Tract 9.05, Pueblo County, Colorado",1625,66.7,10.4
1093,1400000US08101001000,08101001000,"Census Tract 10, Pueblo County, Colorado",3671,45.2,21.2
1094,1400000US08101001100,08101001100,"Census Tract 11, Pueblo County, Colorado",1902,40.4,15.5
1095,1400000US08101001200,08101001200,"Census Tract 12, Pueblo County, Colorado",1561,35.1,29.9
1096,1400000US08101001400,08101001400,"Census Tract 14, Pueblo County, Colorado",996,46.4,5.7
1097,1400000US08101001500,08101001500,"Census Tract 15, Pueblo County, Colorado",1628,59.7,9.0
1098,1400000US08101001600,08101001600,"Census Tract 16, Pueblo County, Colorado",1519,50.3,9.3
1099,1400000US08101001700,08101001700,"Census Tract 17, Pueblo County, Colorado",3547,54.8,4.9
1100,1400000US08101001800,08101001800,"Census Tract 18, Pueblo County, Colorado",1870,51.4,18.1
1101,1400000US08101001900,08101001900,"Census Tract 19, Pueblo County, Colorado",1126,53.6,7.7
1102,1400000US08101002000,08101002000,"Census Tract 20, Pueblo County, Colorado",2477,41.9,28.2
1103,1400000US08101002100,08101002100,"Census Tract 21, Pueblo County, Colorado",1295,46.6,18.3
1104,1400000US08101002200,08101002200,"Census Tract 22, Pueblo County, Colorado",1059,52.3,14.6
1105,1400000US08101002300,08101002300,"Census Tract 23, Pueblo County, Colorado",2671,48.9,8.4
1106,1400000US08101002400,08101002400,"Census Tract 24, Pueblo County, Colorado",1487,44.4,10.2
1107,1400000US08101002500,08101002500,"Census Tract 25, Pueblo County, Colorado",2388,51.9,16.8
1108,1400000US08101002600,08101002600,"Census Tract 26, Pueblo County, Colorado",2802,50.9,12.9
1109,1400000US08101002700,08101002700,"Census Tract 27, Pueblo County, Colorado",4233,49.4,11.6
1110,1400000US08101002801,08101002801,"Census Tract 28.01, Pueblo County, Colorado",4305,46.8,7.4
1111,1400000US08101002802,08101002802,"Census Tract 28.02, Pueblo County, Colorado",3109,45.0,10.8
1112,1400000US08101002804,08101002804,"Census Tract 28.04, Pueblo County, Colorado",3626,46.4,7.2
1113,1400000US08101002806,08101002806,"Census Tract 28.06, Pueblo County, Colorado",2933,56.8,2.5
1114,1400000US08101002807,08101002807,"Census Tract 28.07, Pueblo County, Colorado",3297,63.6,6.7
1115,1400000US08101002808,08101002808,"Census Tract 28.08, Pueblo County, Colorado",2385,56.4,8.8
1116,1400000US08101002901,08101002901,"Census Tract 29.01, Pueblo County, Colorado",2331,55.3,12.4
1117,1400000US08101002903,08101002903,"Census Tract 29.03, Pueblo County, Colorado",5012,57.6,9.2
1118,1400000US08101002906,08101002906,"Census Tract 29.06, Pueblo County, Colorado",3419,61.4,6.0
1119,1400000US08101002911,08101002911,"Census Tract 29.11, Pueblo County, Colorado",2246,56.7,7.9
1120,1400000US08101002912,08101002912,"Census Tract 29.12, Pueblo County, Colorado",1402,59.3,8.3
1121,1400000US08101002913,08101002913,"Census Tract 29.13, Pueblo County, Colorado",2787,56.9,6.2
1122,1400000US08101002914,08101002914,"Census Tract 29.14, Pueblo County, Colorado",2615,60.5,9.9
1123,1400000US08101002915,08101002915,"Census Tract 29.15, Pueblo County, Colorado",1876,56.8,12.1
1124,1400000US08101002916,08101002916,"Census Tract 29.16, Pueblo County, Colorado",2257,54.5,6.4
1125,1400000US08101002917,08101002917,"Census Tract 29.17, Pueblo County, Colorado",2172,56.3,13.1
1126,1400000US08101002918,08101002918,"Census Tract 29.18, Pueblo County, Colorado",4959,63.5,5.6
1127,1400000US08101003001,08101003001,"Census Tract 30.01, Pueblo County, Colorado",819,46.4,23.1
1128,1400000US08101003004,08101003004,"Census Tract 30.04, Pueblo County, Colorado",2439,53.6,9.2
1129,1400000US08101003103,08101003103,"Census Tract 31.03, Pueblo County, Colorado",1521,52.9,9.7
1130,1400000US08101003104,08101003104,"Census Tract 31.04, Pueblo County, Colorado",1879,53.3,6.7
1131,1400000US08101003105,08101003105,"Census Tract 31.05, Pueblo County, Colorado",2556,55.6,8.4
1132,1400000US08101003106,08101003106,"Census Tract 31.06, Pueblo County, Colorado",1065,41.6,17.8
1133,1400000US08101003200,08101003200,"Census Tract 32, Pueblo County, Colorado",2820,53.3,8.4
1134,1400000US08101003500,08101003500,"Census Tract 35, Pueblo County, Colorado",2008,21.7,21.2
1135,1400000US08101003600,08101003600,"Census Tract 36, Pueblo County, Colorado",1758,39.8,8.4
1136,1400000US08101980100,08101980100,"Census Tract 9801, Pueblo County, Colorado",0,-,-
1137,1400000US08103951100,08103951100,"Census Tract 9511, Rio Blanco County, Colorado",3089,66.1,5.6
1138,1400000US08103951200,08103951200,"Census Tract 9512, Rio Blanco County, Colorado",2091,64.5,1.8
1139,1400000US08105976700,08105976700,"Census Tract 9767, Rio Grande County, Colorado",3830,56.1,6.6
1140,1400000US08105976800,08105976800,"Census Tract 9768, Rio Grande County, Colorado",1698,52.4,10.6
1141,1400000US08105977000,08105977000,"Census Tract 9770, Rio Grande County, Colorado",3741,55.0,8.4
1142,1400000US08107000100,08107000100,"Census Tract 1, Routt County, Colorado",1565,67.0,1.2
1143,1400000US08107000200,08107000200,"Census Tract 2, Routt County, Colorado",1559,68.0,4.9
1144,1400000US08107000300,08107000300,"Census Tract 3, Routt County, Colorado",1767,69.6,3.9
1145,1400000US08107000400,08107000400,"Census Tract 4, Routt County, Colorado",2714,77.5,3.8
1146,1400000US08107000500,08107000500,"Census Tract 5, Routt County, Colorado",3473,72.6,3.4
1147,1400000US08107000600,08107000600,"Census Tract 6, Routt County, Colorado",2428,78.3,3.4
1148,1400000US08107000700,08107000700,"Census Tract 7, Routt County, Colorado",4393,72.3,4.8
1149,1400000US08107000800,08107000800,"Census Tract 8, Routt County, Colorado",1609,63.3,6.9
1150,1400000US08109977600,08109977600,"Census Tract 9776, Saguache County, Colorado",2841,42.8,14.4
1151,1400000US08109977700,08109977700,"Census Tract 9777, Saguache County, Colorado",2119,58.4,4.6
1152,1400000US08111972600,08111972600,"Census Tract 9726, San Juan County, Colorado",545,61.8,13.8
1153,1400000US08113968101,08113968101,"Census Tract 9681.01, San Miguel County, Colorado",1746,82.4,4.9
1154,1400000US08113968102,08113968102,"Census Tract 9681.02, San Miguel County, Colorado",1538,65.3,11.1
1155,1400000US08113968103,08113968103,"Census Tract 9681.03, San Miguel County, Colorado",1709,69.4,4.8
1156,1400000US08113968200,08113968200,"Census Tract 9682, San Miguel County, Colorado",1351,63.1,2.2
1157,1400000US08115968300,08115968300,"Census Tract 9683, Sedgwick County, Colorado",1946,52.8,6.4
1158,1400000US08117000100,08117000100,"Census Tract 1, Summit County, Colorado",6983,79.1,1.5
1159,1400000US08117000200,08117000200,"Census Tract 2, Summit County, Colorado",6316,75.6,5.2
1160,1400000US08117000300,08117000300,"Census Tract 3, Summit County, Colorado",3129,71.5,7.9
1161,1400000US08117000401,08117000401,"Census Tract 4.01, Summit County, Colorado",3926,74.2,5.5
1162,1400000US08117000402,08117000402,"Census Tract 4.02, Summit County, Colorado",4086,66.7,6.2
1163,1400000US08119010103,08119010103,"Census Tract 101.03, Teller County, Colorado",6249,60.3,9.1
1164,1400000US08119010104,08119010104,"Census Tract 101.04, Teller County, Colorado",1649,62.0,5.6
1165,1400000US08119010105,08119010105,"Census Tract 101.05, Teller County, Colorado",4557,59.9,7.1
1166,1400000US08119010106,08119010106,"Census Tract 101.06, Teller County, Colorado",4446,52.6,12.1
1167,1400000US08119010201,08119010201,"Census Tract 102.01, Teller County, Colorado",2136,62.7,3.6
1168,1400000US08119010202,08119010202,"Census Tract 102.02, Teller County, Colorado",565,53.6,4.1
1169,1400000US08121924100,08121924100,"Census Tract 9241, Washington County, Colorado",1557,59.8,5.5
1170,1400000US08121924200,08121924200,"Census Tract 9242, Washington County, Colorado",2353,53.8,4.8
1171,1400000US08123000100,08123000100,"Census Tract 1, Weld County, Colorado",2016,44.0,9.8
1172,1400000US08123000200,08123000200,"Census Tract 2, Weld County, Colorado",3419,46.3,18.4
1173,1400000US08123000300,08123000300,"Census Tract 3, Weld County, Colorado",2083,31.4,19.2
1174,1400000US08123000401,08123000401,"Census Tract 4.01, Weld County, Colorado",2672,63.2,6.3
1175,1400000US08123000402,08123000402,"Census Tract 4.02, Weld County, Colorado",2842,60.6,12.4
1176,1400000US08123000501,08123000501,"Census Tract 5.01, Weld County, Colorado",2246,49.7,8.9
1177,1400000US08123000502,08123000502,"Census Tract 5.02, Weld County, Colorado",2335,53.4,20.0
1178,1400000US08123000600,08123000600,"Census Tract 6, Weld County, Colorado",1752,15.4,7.2
1179,1400000US08123000701,08123000701,"Census Tract 7.01, Weld County, Colorado",1161,52.5,14.2
1180,1400000US08123000703,08123000703,"Census Tract 7.03, Weld County, Colorado",4784,57.8,11.2
1181,1400000US08123000704,08123000704,"Census Tract 7.04, Weld County, Colorado",464,74.4,6.8
1182,1400000US08123000705,08123000705,"Census Tract 7.05, Weld County, Colorado",1131,58.4,2.2
1183,1400000US08123000800,08123000800,"Census Tract 8, Weld County, Colorado",3303,56.0,8.2
1184,1400000US08123000900,08123000900,"Census Tract 9, Weld County, Colorado",2407,55.7,11.7
1185,1400000US08123001003,08123001003,"Census Tract 10.03, Weld County, Colorado",3282,56.6,15.0
1186,1400000US08123001004,08123001004,"Census Tract 10.04, Weld County, Colorado",3406,66.0,8.6
1187,1400000US08123001005,08123001005,"Census Tract 10.05, Weld County, Colorado",5202,69.6,6.3
1188,1400000US08123001006,08123001006,"Census Tract 10.06, Weld County, Colorado",3427,64.4,7.6
1189,1400000US08123001100,08123001100,"Census Tract 11, Weld County, Colorado",3091,61.8,2.6
1190,1400000US08123001201,08123001201,"Census Tract 12.01, Weld County, Colorado",3016,64.9,10.0
1191,1400000US08123001202,08123001202,"Census Tract 12.02, Weld County, Colorado",2412,56.2,3.8
1192,1400000US08123001300,08123001300,"Census Tract 13, Weld County, Colorado",5396,55.9,11.5
1193,1400000US08123001404,08123001404,"Census Tract 14.04, Weld County, Colorado",2473,61.0,7.8
1194,1400000US08123001405,08123001405,"Census Tract 14.05, Weld County, Colorado",2818,67.6,6.4
1195,1400000US08123001406,08123001406,"Census Tract 14.06, Weld County, Colorado",4334,71.8,7.4
1196,1400000US08123001407,08123001407,"Census Tract 14.07, Weld County, Colorado",1549,69.6,1.5
1197,1400000US08123001408,08123001408,"Census Tract 14.08, Weld County, Colorado",1862,53.7,8.4
1198,1400000US08123001409,08123001409,"Census Tract 14.09, Weld County, Colorado",2544,67.6,2.7
1199,1400000US08123001410,08123001410,"Census Tract 14.10, Weld County, Colorado",2918,49.2,5.7
1200,1400000US08123001411,08123001411,"Census Tract 14.11, Weld County, Colorado",2005,72.2,3.7
1201,1400000US08123001412,08123001412,"Census Tract 14.12, Weld County, Colorado",1765,64.3,5.3
1202,1400000US08123001413,08123001413,"Census Tract 14.13, Weld County, Colorado",2358,61.1,6.9
1203,1400000US08123001414,08123001414,"Census Tract 14.14, Weld County, Colorado",1825,74.4,3.8
1204,1400000US08123001415,08123001415,"Census Tract 14.15, Weld County, Colorado",2749,63.6,8.1
1205,1400000US08123001416,08123001416,"Census Tract 14.16, Weld County, Colorado",1788,67.6,2.9
1206,1400000US08123001417,08123001417,"Census Tract 14.17, Weld County, Colorado",1505,64.5,8.0
1207,1400000US08123001500,08123001500,"Census Tract 15, Weld County, Colorado",5018,60.6,3.4
1208,1400000US08123001600,08123001600,"Census Tract 16, Weld County, Colorado",3608,69.0,5.6
1209,1400000US08123001700,08123001700,"Census Tract 17, Weld County, Colorado",3926,53.0,12.1
1210,1400000US08123001800,08123001800,"Census Tract 18, Weld County, Colorado",3535,61.1,4.8
1211,1400000US08123001902,08123001902,"Census Tract 19.02, Weld County, Colorado",5725,60.0,3.0
1212,1400000US08123001905,08123001905,"Census Tract 19.05, Weld County, Colorado",3083,61.7,7.8
1213,1400000US08123001906,08123001906,"Census Tract 19.06, Weld County, Colorado",1275,59.3,9.8
1214,1400000US08123001907,08123001907,"Census Tract 19.07, Weld County, Colorado",2355,65.2,4.8
1215,1400000US08123001908,08123001908,"Census Tract 19.08, Weld County, Colorado",1961,63.6,5.9
1216,1400000US08123002004,08123002004,"Census Tract 20.04, Weld County, Colorado",3259,60.4,6.3
1217,1400000US08123002005,08123002005,"Census Tract 20.05, Weld County, Colorado",510,74.1,6.9
1218,1400000US08123002006,08123002006,"Census Tract 20.06, Weld County, Colorado",247,66.0,8.4
1219,1400000US08123002007,08123002007,"Census Tract 20.07, Weld County, Colorado",4539,70.5,5.1
1220,1400000US08123002008,08123002008,"Census Tract 20.08, Weld County, Colorado",3673,70.5,2.8
1221,1400000US08123002009,08123002009,"Census Tract 20.09, Weld County, Colorado",1137,63.1,5.9
1222,1400000US08123002010,08123002010,"Census Tract 20.10, Weld County, Colorado",1710,68.8,11.7
1223,1400000US08123002011,08123002011,"Census Tract 20.11, Weld County, Colorado",335,80.6,0.0
1224,1400000US08123002012,08123002012,"Census Tract 20.12, Weld County, Colorado",819,74.8,4.7
1225,1400000US08123002013,08123002013,"Census Tract 20.13, Weld County, Colorado",2066,75.7,3.7
1226,1400000US08123002014,08123002014,"Census Tract 20.14, Weld County, Colorado",1186,60.9,11.1
1227,1400000US08123002015,08123002015,"Census Tract 20.15, Weld County, Colorado",767,79.5,2.2
1228,1400000US08123002016,08123002016,"Census Tract 20.16, Weld County, Colorado",2456,74.5,2.6
1229,1400000US08123002017,08123002017,"Census Tract 20.17, Weld County, Colorado",684,73.0,4.2
1230,1400000US08123002018,08123002018,"Census Tract 20.18, Weld County, Colorado",830,69.0,7.1
1231,1400000US08123002019,08123002019,"Census Tract 20.19, Weld County, Colorado",2948,69.0,8.9
1232,1400000US08123002020,08123002020,"Census Tract 20.20, Weld County, Colorado",3530,71.2,5.9
1233,1400000US08123002021,08123002021,"Census Tract 20.21, Weld County, Colorado",383,65.5,2.0
1234,1400000US08123002101,08123002101,"Census Tract 21.01, Weld County, Colorado",5587,71.5,2.3
1235,1400000US08123002102,08123002102,"Census Tract 21.02, Weld County, Colorado",8779,69.8,2.9
1236,1400000US08123002103,08123002103,"Census Tract 21.03, Weld County, Colorado",6545,67.5,3.9
1237,1400000US08123002203,08123002203,"Census Tract 22.03, Weld County, Colorado",979,65.8,0.6
1238,1400000US08123002204,08123002204,"Census Tract 22.04, Weld County, Colorado",1533,66.2,4.2
1239,1400000US08123002205,08123002205,"Census Tract 22.05, Weld County, Colorado",3846,66.6,5.2
1240,1400000US08123002206,08123002206,"Census Tract 22.06, Weld County, Colorado",2673,69.3,7.3
1241,1400000US08123002207,08123002207,"Census Tract 22.07, Weld County, Colorado",1768,69.6,5.3
1242,1400000US08123002208,08123002208,"Census Tract 22.08, Weld County, Colorado",3722,67.8,7.6
1243,1400000US08123002209,08123002209,"Census Tract 22.09, Weld County, Colorado",1045,64.8,6.7
1244,1400000US08123002210,08123002210,"Census Tract 22.10, Weld County, Colorado",546,65.9,6.0
1245,1400000US08123002300,08123002300,"Census Tract 23, Weld County, Colorado",3710,64.2,7.2
1246,1400000US08123002501,08123002501,"Census Tract 25.01, Weld County, Colorado",3879,63.8,4.6
1247,1400000US08123002502,08123002502,"Census Tract 25.02, Weld County, Colorado",4507,63.1,2.2
1248,1400000US08125963100,08125963100,"Census Tract 9631, Yuma County, Colorado",3287,63.9,3.2
1249,1400000US08125963200,08125963200,"Census Tract 9632, Yuma County, Colorado",4499,61.8,2.0
1250,1400000US39001770100,39001770100,"Census Tract 7701, Adams County, Ohio",3658,43.5,12.2
1251,1400000US39001770200,39001770200,"Census Tract 7702, Adams County, Ohio",3722,47.2,14.7
1252,1400000US39001770300,39001770300,"Census Tract 7703, Adams County, Ohio",5381,50.0,10.8
1253,1400000US39001770400,39001770400,"Census Tract 7704, Adams County, Ohio",3718,44.5,15.0
1254,1400000US39001770500,39001770500,"Census Tract 7705, Adams County, Ohio",2684,45.8,9.6
1255,1400000US39001770600,39001770600,"Census Tract 7706, Adams County, Ohio",2862,42.4,19.3
1256,1400000US39003010100,39003010100,"Census Tract 101, Allen County, Ohio",3502,63.1,4.7
1257,1400000US39003010200,39003010200,"Census Tract 102, Allen County, Ohio",3262,64.5,3.9
1258,1400000US39003010300,39003010300,"Census Tract 103, Allen County, Ohio",1243,64.5,5.8
1259,1400000US39003010600,39003010600,"Census Tract 106, Allen County, Ohio",3818,57.2,8.0
1260,1400000US39003010800,39003010800,"Census Tract 108, Allen County, Ohio",6129,61.9,3.2
1261,1400000US39003010900,39003010900,"Census Tract 109, Allen County, Ohio",4095,55.8,12.8
1262,1400000US39003011000,39003011000,"Census Tract 110, Allen County, Ohio",4685,58.8,7.7
1263,1400000US39003011200,39003011200,"Census Tract 112, Allen County, Ohio",2378,22.7,8.8
1264,1400000US39003011300,39003011300,"Census Tract 113, Allen County, Ohio",6390,61.4,5.7
1265,1400000US39003011400,39003011400,"Census Tract 114, Allen County, Ohio",2500,62.0,5.8
1266,1400000US39003011500,39003011500,"Census Tract 115, Allen County, Ohio",2046,54.9,11.5
1267,1400000US39003011600,39003011600,"Census Tract 116, Allen County, Ohio",2274,50.7,11.7
1268,1400000US39003011800,39003011800,"Census Tract 118, Allen County, Ohio",2234,63.1,2.4
1269,1400000US39003011900,39003011900,"Census Tract 119, Allen County, Ohio",2529,53.3,10.1
1270,1400000US39003012000,39003012000,"Census Tract 120, Allen County, Ohio",1790,62.0,0.5
1271,1400000US39003012100,39003012100,"Census Tract 121, Allen County, Ohio",2757,59.0,5.5
1272,1400000US39003012200,39003012200,"Census Tract 122, Allen County, Ohio",2509,50.1,17.3
1273,1400000US39003012300,39003012300,"Census Tract 123, Allen County, Ohio",3031,66.6,6.6
1274,1400000US39003012400,39003012400,"Census Tract 124, Allen County, Ohio",1929,55.9,16.6
1275,1400000US39003012600,39003012600,"Census Tract 126, Allen County, Ohio",1597,62.3,10.0
1276,1400000US39003012700,39003012700,"Census Tract 127, Allen County, Ohio",1234,47.2,20.6
1277,1400000US39003012900,39003012900,"Census Tract 129, Allen County, Ohio",1093,56.4,14.3
1278,1400000US39003013000,39003013000,"Census Tract 130, Allen County, Ohio",3437,50.8,19.8
1279,1400000US39003013100,39003013100,"Census Tract 131, Allen County, Ohio",1885,64.9,10.7
1280,1400000US39003013200,39003013200,"Census Tract 132, Allen County, Ohio",1483,61.6,12.6
1281,1400000US39003013300,39003013300,"Census Tract 133, Allen County, Ohio",1016,45.4,20.1
1282,1400000US39003013400,39003013400,"Census Tract 134, Allen County, Ohio",1630,40.7,14.2
1283,1400000US39003013600,39003013600,"Census Tract 136, Allen County, Ohio",935,48.3,13.2
1284,1400000US39003013700,39003013700,"Census Tract 137, Allen County, Ohio",778,41.9,22.9
1285,1400000US39003013800,39003013800,"Census Tract 138, Allen County, Ohio",2110,49.0,20.7
1286,1400000US39003013900,39003013900,"Census Tract 139, Allen County, Ohio",2701,66.7,5.1
1287,1400000US39003014000,39003014000,"Census Tract 140, Allen County, Ohio",2830,65.0,2.8
1288,1400000US39003014100,39003014100,"Census Tract 141, Allen County, Ohio",1578,42.8,27.0
1289,1400000US39005970100,39005970100,"Census Tract 9701, Ashland County, Ohio",5970,53.1,6.9
1290,1400000US39005970200,39005970200,"Census Tract 9702, Ashland County, Ohio",4493,54.3,9.8
1291,1400000US39005970300,39005970300,"Census Tract 9703, Ashland County, Ohio",2909,65.5,5.7
1292,1400000US39005970400,39005970400,"Census Tract 9704, Ashland County, Ohio",2990,56.3,10.7
1293,1400000US39005970500,39005970500,"Census Tract 9705, Ashland County, Ohio",2363,51.4,13.3
1294,1400000US39005970600,39005970600,"Census Tract 9706, Ashland County, Ohio",4544,57.3,8.3
1295,1400000US39005970700,39005970700,"Census Tract 9707, Ashland County, Ohio",4497,54.7,2.0
1296,1400000US39005970800,39005970800,"Census Tract 9708, Ashland County, Ohio",3294,56.5,5.5
1297,1400000US39005970900,39005970900,"Census Tract 9709, Ashland County, Ohio",4209,65.1,7.9
1298,1400000US39005971000,39005971000,"Census Tract 9710, Ashland County, Ohio",4000,59.2,6.8
1299,1400000US39005971100,39005971100,"Census Tract 9711, Ashland County, Ohio",3130,55.0,11.7
1300,1400000US39007000101,39007000101,"Census Tract 1.01, Ashtabula County, Ohio",4252,28.3,10.1
1301,1400000US39007000102,39007000102,"Census Tract 1.02, Ashtabula County, Ohio",2671,50.1,13.2
1302,1400000US39007000103,39007000103,"Census Tract 1.03, Ashtabula County, Ohio",3006,51.0,14.9
1303,1400000US39007000200,39007000200,"Census Tract 2, Ashtabula County, Ohio",3464,53.9,5.8
1304,1400000US39007000300,39007000300,"Census Tract 3, Ashtabula County, Ohio",1743,54.3,7.4
1305,1400000US39007000400,39007000400,"Census Tract 4, Ashtabula County, Ohio",1465,47.5,9.6
1306,1400000US39007000500,39007000500,"Census Tract 5, Ashtabula County, Ohio",3525,55.1,9.2
1307,1400000US39007000601,39007000601,"Census Tract 6.01, Ashtabula County, Ohio",2183,43.5,14.2
1308,1400000US39007000602,39007000602,"Census Tract 6.02, Ashtabula County, Ohio",2617,52.9,5.0
1309,1400000US39007000603,39007000603,"Census Tract 6.03, Ashtabula County, Ohio",3414,52.3,7.7
1310,1400000US39007000701,39007000701,"Census Tract 7.01, Ashtabula County, Ohio",2480,32.9,25.6
1311,1400000US39007000702,39007000702,"Census Tract 7.02, Ashtabula County, Ohio",2054,50.5,6.0
1312,1400000US39007000703,39007000703,"Census Tract 7.03, Ashtabula County, Ohio",2636,43.5,19.7
1313,1400000US39007000704,39007000704,"Census Tract 7.04, Ashtabula County, Ohio",3435,46.9,8.8
1314,1400000US39007000801,39007000801,"Census Tract 8.01, Ashtabula County, Ohio",1488,55.0,10.7
1315,1400000US39007000802,39007000802,"Census Tract 8.02, Ashtabula County, Ohio",4320,56.7,7.9
1316,1400000US39007000900,39007000900,"Census Tract 9, Ashtabula County, Ohio",3763,56.7,5.2
1317,1400000US39007001001,39007001001,"Census Tract 10.01, Ashtabula County, Ohio",4356,52.6,9.4
1318,1400000US39007001002,39007001002,"Census Tract 10.02, Ashtabula County, Ohio",2836,61.3,5.4
1319,1400000US39007001101,39007001101,"Census Tract 11.01, Ashtabula County, Ohio",1685,60.4,5.0
1320,1400000US39007001102,39007001102,"Census Tract 11.02, Ashtabula County, Ohio",4838,57.1,6.2
1321,1400000US39007001200,39007001200,"Census Tract 12, Ashtabula County, Ohio",5818,50.1,8.0
1322,1400000US39007001301,39007001301,"Census Tract 13.01, Ashtabula County, Ohio",2818,53.5,5.5
1323,1400000US39007001302,39007001302,"Census Tract 13.02, Ashtabula County, Ohio",3052,49.8,8.8
1324,1400000US39007001400,39007001400,"Census Tract 14, Ashtabula County, Ohio",5740,52.4,6.4
1325,1400000US39007990000,39007990000,"Census Tract 9900, Ashtabula County, Ohio",0,-,-
1326,1400000US39009972600,39009972600,"Census Tract 9726, Athens County, Ohio",3306,47.7,8.1
1327,1400000US39009972700,39009972700,"Census Tract 9727, Athens County, Ohio",3301,46.5,17.2
1328,1400000US39009972800,39009972800,"Census Tract 9728, Athens County, Ohio",3994,41.4,7.3
1329,1400000US39009972900,39009972900,"Census Tract 9729, Athens County, Ohio",4072,52.3,6.4
1330,1400000US39009973000,39009973000,"Census Tract 9730, Athens County, Ohio",3365,61.9,6.6
1331,1400000US39009973101,39009973101,"Census Tract 9731.01, Athens County, Ohio",4455,41.4,19.7
1332,1400000US39009973200,39009973200,"Census Tract 9732, Athens County, Ohio",4294,50.4,9.2
1333,1400000US39009973300,39009973300,"Census Tract 9733, Athens County, Ohio",3164,62.0,1.8
1334,1400000US39009973400,39009973400,"Census Tract 9734, Athens County, Ohio",3056,49.8,11.7
1335,1400000US39009973500,39009973500,"Census Tract 9735, Athens County, Ohio",3053,53.1,7.0
1336,1400000US39009973600,39009973600,"Census Tract 9736, Athens County, Ohio",3019,45.7,12.2
1337,1400000US39009973700,39009973700,"Census Tract 9737, Athens County, Ohio",3128,57.5,7.2
1338,1400000US39009973800,39009973800,"Census Tract 9738, Athens County, Ohio",4107,47.2,9.9
1339,1400000US39009973901,39009973901,"Census Tract 9739.01, Athens County, Ohio",6580,29.7,23.7
1340,1400000US39009973902,39009973902,"Census Tract 9739.02, Athens County, Ohio",3309,49.5,11.0
1341,1400000US39011040100,39011040100,"Census Tract 401, Auglaize County, Ohio",3134,59.7,5.6
1342,1400000US39011040200,39011040200,"Census Tract 402, Auglaize County, Ohio",3593,56.0,8.3
1343,1400000US39011040300,39011040300,"Census Tract 403, Auglaize County, Ohio",2661,55.1,9.2
1344,1400000US39011040400,39011040400,"Census Tract 404, Auglaize County, Ohio",5072,67.3,2.5
1345,1400000US39011040500,39011040500,"Census Tract 405, Auglaize County, Ohio",3896,64.7,5.4
1346,1400000US39011040600,39011040600,"Census Tract 406, Auglaize County, Ohio",2781,63.6,5.1
1347,1400000US39011040900,39011040900,"Census Tract 409, Auglaize County, Ohio",2939,71.5,3.0
1348,1400000US39011041000,39011041000,"Census Tract 410, Auglaize County, Ohio",2784,67.2,1.8
1349,1400000US39011041100,39011041100,"Census Tract 411, Auglaize County, Ohio",3285,65.9,6.4
1350,1400000US39011041201,39011041201,"Census Tract 412.01, Auglaize County, Ohio",1569,48.9,7.4
1351,1400000US39011041202,39011041202,"Census Tract 412.02, Auglaize County, Ohio",4102,67.4,4.0
1352,1400000US39013010100,39013010100,"Census Tract 101, Belmont County, Ohio",3617,46.5,17.9
1353,1400000US39013010200,39013010200,"Census Tract 102, Belmont County, Ohio",3269,52.9,10.2
1354,1400000US39013010300,39013010300,"Census Tract 103, Belmont County, Ohio",2783,50.6,8.3
1355,1400000US39013010600,39013010600,"Census Tract 106, Belmont County, Ohio",2875,60.0,5.4
1356,1400000US39013010700,39013010700,"Census Tract 107, Belmont County, Ohio",2262,58.5,5.2
1357,1400000US39013010802,39013010802,"Census Tract 108.02, Belmont County, Ohio",1918,56.9,9.5
1358,1400000US39013010900,39013010900,"Census Tract 109, Belmont County, Ohio",5315,56.9,5.1
1359,1400000US39013011000,39013011000,"Census Tract 110, Belmont County, Ohio",3849,48.9,7.0
1360,1400000US39013011200,39013011200,"Census Tract 112, Belmont County, Ohio",3071,56.7,4.6
1361,1400000US39013011300,39013011300,"Census Tract 113, Belmont County, Ohio",3278,54.3,4.4
1362,1400000US39013011400,39013011400,"Census Tract 114, Belmont County, Ohio",3732,51.0,12.1
1363,1400000US39013011500,39013011500,"Census Tract 115, Belmont County, Ohio",1297,47.4,13.5
1364,1400000US39013011600,39013011600,"Census Tract 116, Belmont County, Ohio",1052,51.4,14.5
1365,1400000US39013011700,39013011700,"Census Tract 117, Belmont County, Ohio",1069,52.6,12.9
1366,1400000US39013011900,39013011900,"Census Tract 119, Belmont County, Ohio",2484,56.7,6.3
1367,1400000US39013012000,39013012000,"Census Tract 120, Belmont County, Ohio",2100,52.0,11.9
1368,1400000US39013012100,39013012100,"Census Tract 121, Belmont County, Ohio",1112,46.0,20.9
1369,1400000US39013012200,39013012200,"Census Tract 122, Belmont County, Ohio",5531,29.4,5.6
1370,1400000US39013012300,39013012300,"Census Tract 123, Belmont County, Ohio",3606,55.9,5.9
1371,1400000US39013012400,39013012400,"Census Tract 124, Belmont County, Ohio",3785,54.4,7.5
1372,1400000US39015951201,39015951201,"Census Tract 9512.01, Brown County, Ohio",3466,54.9,7.8
1373,1400000US39015951202,39015951202,"Census Tract 9512.02, Brown County, Ohio",3704,52.9,10.8
1374,1400000US39015951300,39015951300,"Census Tract 9513, Brown County, Ohio",6005,64.6,6.0
1375,1400000US39015951400,39015951400,"Census Tract 9514, Brown County, Ohio",3230,51.3,10.0
1376,1400000US39015951500,39015951500,"Census Tract 9515, Brown County, Ohio",4434,53.4,6.3
1377,1400000US39015951600,39015951600,"Census Tract 9516, Brown County, Ohio",2996,45.3,10.0
1378,1400000US39015951700,39015951700,"Census Tract 9517, Brown County, Ohio",2267,50.8,12.8
1379,1400000US39015951800,39015951800,"Census Tract 9518, Brown County, Ohio",4112,41.4,20.9
1380,1400000US39015951900,39015951900,"Census Tract 9519, Brown County, Ohio",4826,56.3,9.9
1381,1400000US39017000100,39017000100,"Census Tract 1, Butler County, Ohio",3757,64.0,6.5
1382,1400000US39017000200,39017000200,"Census Tract 2, Butler County, Ohio",3444,54.8,11.6
1383,1400000US39017000300,39017000300,"Census Tract 3, Butler County, Ohio",2347,49.1,19.1
1384,1400000US39017000400,39017000400,"Census Tract 4, Butler County, Ohio",3304,40.1,19.6
1385,1400000US39017000500,39017000500,"Census Tract 5, Butler County, Ohio",3432,54.9,12.6
1386,1400000US39017000600,39017000600,"Census Tract 6, Butler County, Ohio",3771,53.6,15.6
1387,1400000US39017001001,39017001001,"Census Tract 10.01, Butler County, Ohio",4402,44.1,10.6
1388,1400000US39017001002,39017001002,"Census Tract 10.02, Butler County, Ohio",4323,58.7,6.8
1389,1400000US39017001100,39017001100,"Census Tract 11, Butler County, Ohio",3411,55.4,8.6
1390,1400000US39017001300,39017001300,"Census Tract 13, Butler County, Ohio",3627,59.8,8.8
1391,1400000US39017010101,39017010101,"Census Tract 101.01, Butler County, Ohio",6874,48.4,2.0
1392,1400000US39017010102,39017010102,"Census Tract 101.02, Butler County, Ohio",2252,56.3,4.1
1393,1400000US39017010103,39017010103,"Census Tract 101.03, Butler County, Ohio",5406,58.8,5.2
1394,1400000US39017010104,39017010104,"Census Tract 101.04, Butler County, Ohio",4890,33.6,6.9
1395,1400000US39017010201,39017010201,"Census Tract 102.01, Butler County, Ohio",1984,27.3,6.1
1396,1400000US39017010202,39017010202,"Census Tract 102.02, Butler County, Ohio",3378,65.3,6.6
1397,1400000US39017010203,39017010203,"Census Tract 102.03, Butler County, Ohio",4230,63.5,5.0
1398,1400000US39017010301,39017010301,"Census Tract 103.01, Butler County, Ohio",3882,58.2,8.0
1399,1400000US39017010302,39017010302,"Census Tract 103.02, Butler County, Ohio",2822,60.6,8.1
1400,1400000US39017010500,39017010500,"Census Tract 105, Butler County, Ohio",1801,55.0,9.0
1401,1400000US39017010600,39017010600,"Census Tract 106, Butler County, Ohio",3034,61.0,6.4
1402,1400000US39017010800,39017010800,"Census Tract 108, Butler County, Ohio",5210,63.9,3.3
1403,1400000US39017010901,39017010901,"Census Tract 109.01, Butler County, Ohio",3610,60.2,7.5
1404,1400000US39017010903,39017010903,"Census Tract 109.03, Butler County, Ohio",4161,62.3,10.6
1405,1400000US39017010904,39017010904,"Census Tract 109.04, Butler County, Ohio",2921,64.7,6.2
1406,1400000US39017010906,39017010906,"Census Tract 109.06, Butler County, Ohio",6179,61.8,10.7
1407,1400000US39017010907,39017010907,"Census Tract 109.07, Butler County, Ohio",2002,71.5,3.0
1408,1400000US39017010908,39017010908,"Census Tract 109.08, Butler County, Ohio",4396,65.9,5.8
1409,1400000US39017010909,39017010909,"Census Tract 109.09, Butler County, Ohio",4072,70.0,6.8
1410,1400000US39017010910,39017010910,"Census Tract 109.10, Butler County, Ohio",3719,68.8,2.5
1411,1400000US39017010911,39017010911,"Census Tract 109.11, Butler County, Ohio",3268,62.9,7.1
1412,1400000US39017011002,39017011002,"Census Tract 110.02, Butler County, Ohio",10062,73.0,2.2
1413,1400000US39017011003,39017011003,"Census Tract 110.03, Butler County, Ohio",5018,71.7,4.6
1414,1400000US39017011004,39017011004,"Census Tract 110.04, Butler County, Ohio",4242,63.8,11.4
1415,1400000US39017011109,39017011109,"Census Tract 111.09, Butler County, Ohio",3256,62.2,7.5
1416,1400000US39017011110,39017011110,"Census Tract 111.10, Butler County, Ohio",4186,64.3,4.1
1417,1400000US39017011111,39017011111,"Census Tract 111.11, Butler County, Ohio",5378,60.8,2.5
1418,1400000US39017011112,39017011112,"Census Tract 111.12, Butler County, Ohio",4312,64.7,4.5
1419,1400000US39017011116,39017011116,"Census Tract 111.16, Butler County, Ohio",6180,65.8,0.9
1420,1400000US39017011117,39017011117,"Census Tract 111.17, Butler County, Ohio",8056,70.3,3.7
1421,1400000US39017011118,39017011118,"Census Tract 111.18, Butler County, Ohio",2646,59.2,4.3
1422,1400000US39017011120,39017011120,"Census Tract 111.20, Butler County, Ohio",5114,69.5,5.2
1423,1400000US39017011121,39017011121,"Census Tract 111.21, Butler County, Ohio",5214,77.9,1.3
1424,1400000US39017011122,39017011122,"Census Tract 111.22, Butler County, Ohio",4327,73.0,4.2
1425,1400000US39017011123,39017011123,"Census Tract 111.23, Butler County, Ohio",3441,65.2,7.0
1426,1400000US39017011125,39017011125,"Census Tract 111.25, Butler County, Ohio",3007,62.8,2.6
1427,1400000US39017011126,39017011126,"Census Tract 111.26, Butler County, Ohio",4383,66.9,3.1
1428,1400000US39017011127,39017011127,"Census Tract 111.27, Butler County, Ohio",3477,68.2,2.9
1429,1400000US39017011128,39017011128,"Census Tract 111.28, Butler County, Ohio",2591,68.9,6.4
1430,1400000US39017011129,39017011129,"Census Tract 111.29, Butler County, Ohio",2973,75.5,1.8
1431,1400000US39017011130,39017011130,"Census Tract 111.30, Butler County, Ohio",4055,62.5,4.6
1432,1400000US39017011131,39017011131,"Census Tract 111.31, Butler County, Ohio",2293,65.7,5.6
1433,1400000US39017011200,39017011200,"Census Tract 112, Butler County, Ohio",5960,63.6,6.4
1434,1400000US39017011300,39017011300,"Census Tract 113, Butler County, Ohio",4086,61.9,6.6
1435,1400000US39017011800,39017011800,"Census Tract 118, Butler County, Ohio",4302,66.1,5.1
1436,1400000US39017012100,39017012100,"Census Tract 121, Butler County, Ohio",2431,50.6,6.2
1437,1400000US39017012200,39017012200,"Census Tract 122, Butler County, Ohio",2622,44.9,20.2
1438,1400000US39017012300,39017012300,"Census Tract 123, Butler County, Ohio",1739,51.5,15.7
1439,1400000US39017012400,39017012400,"Census Tract 124, Butler County, Ohio",2026,52.7,3.7
1440,1400000US39017012500,39017012500,"Census Tract 125, Butler County, Ohio",3985,59.6,7.6
1441,1400000US39017012600,39017012600,"Census Tract 126, Butler County, Ohio",2119,54.8,21.3
1442,1400000US39017012700,39017012700,"Census Tract 127, Butler County, Ohio",2365,59.3,9.9
1443,1400000US39017013000,39017013000,"Census Tract 130, Butler County, Ohio",1100,43.7,21.3
1444,1400000US39017013100,39017013100,"Census Tract 131, Butler County, Ohio",1503,46.1,20.5
1445,1400000US39017013200,39017013200,"Census Tract 132, Butler County, Ohio",2658,45.0,17.5
1446,1400000US39017013300,39017013300,"Census Tract 133, Butler County, Ohio",1640,53.2,8.6
1447,1400000US39017013400,39017013400,"Census Tract 134, Butler County, Ohio",1819,54.5,14.8
1448,1400000US39017013500,39017013500,"Census Tract 135, Butler County, Ohio",2252,56.0,15.0
1449,1400000US39017013600,39017013600,"Census Tract 136, Butler County, Ohio",4106,59.4,10.8
1450,1400000US39017013900,39017013900,"Census Tract 139, Butler County, Ohio",2122,41.8,28.1
1451,1400000US39017014000,39017014000,"Census Tract 140, Butler County, Ohio",1697,44.1,21.5
1452,1400000US39017014100,39017014100,"Census Tract 141, Butler County, Ohio",1621,61.0,10.4
1453,1400000US39017014300,39017014300,"Census Tract 143, Butler County, Ohio",3780,56.2,5.8
1454,1400000US39017014400,39017014400,"Census Tract 144, Butler County, Ohio",1245,37.7,19.0
1455,1400000US39017014600,39017014600,"Census Tract 146, Butler County, Ohio",902,30.3,22.4
1456,1400000US39017014700,39017014700,"Census Tract 147, Butler County, Ohio",3002,62.8,10.4
1457,1400000US39017014800,39017014800,"Census Tract 148, Butler County, Ohio",5400,59.9,5.1
1458,1400000US39017014900,39017014900,"Census Tract 149, Butler County, Ohio",3722,68.6,6.0
1459,1400000US39017015000,39017015000,"Census Tract 150, Butler County, Ohio",6271,55.3,5.1
1460,1400000US39017015100,39017015100,"Census Tract 151, Butler County, Ohio",5237,62.2,13.0
1461,1400000US39019720100,39019720100,"Census Tract 7201, Carroll County, Ohio",2799,51.1,12.4
1462,1400000US39019720200,39019720200,"Census Tract 7202, Carroll County, Ohio",3061,49.5,7.1
1463,1400000US39019720300,39019720300,"Census Tract 7203, Carroll County, Ohio",3947,59.8,6.8
1464,1400000US39019720400,39019720400,"Census Tract 7204, Carroll County, Ohio",3428,54.6,5.3
1465,1400000US39019720500,39019720500,"Census Tract 7205, Carroll County, Ohio",4445,57.6,3.3
1466,1400000US39019720600,39019720600,"Census Tract 7206, Carroll County, Ohio",2699,51.2,12.5
1467,1400000US39019720700,39019720700,"Census Tract 7207, Carroll County, Ohio",2621,58.6,5.3
1468,1400000US39021010100,39021010100,"Census Tract 101, Champaign County, Ohio",1545,66.3,4.4
1469,1400000US39021010200,39021010200,"Census Tract 102, Champaign County, Ohio",5768,61.7,10.7
1470,1400000US39021010400,39021010400,"Census Tract 104, Champaign County, Ohio",3148,49.8,12.6
1471,1400000US39021010500,39021010500,"Census Tract 105, Champaign County, Ohio",3231,54.0,12.1
1472,1400000US39021010600,39021010600,"Census Tract 106, Champaign County, Ohio",3277,50.0,5.2
1473,1400000US39021011001,39021011001,"Census Tract 110.01, Champaign County, Ohio",2172,54.1,12.2
1474,1400000US39021011501,39021011501,"Census Tract 115.01, Champaign County, Ohio",3230,61.3,6.7
1475,1400000US39021011504,39021011504,"Census Tract 115.04, Champaign County, Ohio",4268,61.3,9.7
1476,1400000US39021011505,39021011505,"Census Tract 115.05, Champaign County, Ohio",2581,63.3,6.2
1477,1400000US39021011506,39021011506,"Census Tract 115.06, Champaign County, Ohio",2105,61.3,6.5
1478,1400000US39023000200,39023000200,"Census Tract 2, Clark County, Ohio",1135,52.3,20.6
1479,1400000US39023000300,39023000300,"Census Tract 3, Clark County, Ohio",994,42.5,22.4
1480,1400000US39023000400,39023000400,"Census Tract 4, Clark County, Ohio",1807,45.5,13.2
1481,1400000US39023000500,39023000500,"Census Tract 5, Clark County, Ohio",1117,44.0,30.6
1482,1400000US39023000600,39023000600,"Census Tract 6, Clark County, Ohio",1806,59.5,10.6
1483,1400000US39023000700,39023000700,"Census Tract 7, Clark County, Ohio",2433,51.0,11.3
1484,1400000US39023000901,39023000901,"Census Tract 9.01, Clark County, Ohio",1868,41.4,24.6
1485,1400000US39023000902,39023000902,"Census Tract 9.02, Clark County, Ohio",871,52.2,17.7
1486,1400000US39023001000,39023001000,"Census Tract 10, Clark County, Ohio",1132,54.2,5.5
1487,1400000US39023001101,39023001101,"Census Tract 11.01, Clark County, Ohio",932,47.3,14.9
1488,1400000US39023001102,39023001102,"Census Tract 11.02, Clark County, Ohio",2262,50.9,11.7
1489,1400000US39023001200,39023001200,"Census Tract 12, Clark County, Ohio",3163,47.7,24.7
1490,1400000US39023001300,39023001300,"Census Tract 13, Clark County, Ohio",2955,49.6,15.6
1491,1400000US39023001400,39023001400,"Census Tract 14, Clark County, Ohio",2894,51.5,8.6
1492,1400000US39023001500,39023001500,"Census Tract 15, Clark County, Ohio",3712,59.6,14.4
1493,1400000US39023001600,39023001600,"Census Tract 16, Clark County, Ohio",3261,56.2,7.9
1494,1400000US39023001700,39023001700,"Census Tract 17, Clark County, Ohio",1828,46.6,12.1
1495,1400000US39023001900,39023001900,"Census Tract 19, Clark County, Ohio",2418,57.4,8.2
1496,1400000US39023002000,39023002000,"Census Tract 20, Clark County, Ohio",1674,63.0,5.7
1497,1400000US39023002100,39023002100,"Census Tract 21, Clark County, Ohio",1393,43.1,8.4
1498,1400000US39023002200,39023002200,"Census Tract 22, Clark County, Ohio",3426,60.1,6.3
1499,1400000US39023002301,39023002301,"Census Tract 23.01, Clark County, Ohio",2553,59.7,9.5
1500,1400000US39023002403,39023002403,"Census Tract 24.03, Clark County, Ohio",3254,60.5,4.7
1501,1400000US39023002404,39023002404,"Census Tract 24.04, Clark County, Ohio",2648,57.5,8.2
1502,1400000US39023002501,39023002501,"Census Tract 25.01, Clark County, Ohio",1874,35.6,1.8
1503,1400000US39023002502,39023002502,"Census Tract 25.02, Clark County, Ohio",2573,49.1,9.1
1504,1400000US39023002601,39023002601,"Census Tract 26.01, Clark County, Ohio",3186,52.4,12.0
1505,1400000US39023002602,39023002602,"Census Tract 26.02, Clark County, Ohio",3181,55.8,8.3
1506,1400000US39023002605,39023002605,"Census Tract 26.05, Clark County, Ohio",3006,58.0,5.2
1507,1400000US39023002606,39023002606,"Census Tract 26.06, Clark County, Ohio",6253,56.2,2.3
1508,1400000US39023002701,39023002701,"Census Tract 27.01, Clark County, Ohio",2538,55.9,9.2
1509,1400000US39023002702,39023002702,"Census Tract 27.02, Clark County, Ohio",1945,54.3,9.5
1510,1400000US39023002800,39023002800,"Census Tract 28, Clark County, Ohio",3696,55.0,7.0
1511,1400000US39023002901,39023002901,"Census Tract 29.01, Clark County, Ohio",2763,61.0,12.8
1512,1400000US39023002902,39023002902,"Census Tract 29.02, Clark County, Ohio",3502,56.2,9.2
1513,1400000US39023003001,39023003001,"Census Tract 30.01, Clark County, Ohio",2584,52.9,8.0
1514,1400000US39023003002,39023003002,"Census Tract 30.02, Clark County, Ohio",2963,50.7,9.5
1515,1400000US39023003101,39023003101,"Census Tract 31.01, Clark County, Ohio",2084,59.5,9.7
1516,1400000US39023003102,39023003102,"Census Tract 31.02, Clark County, Ohio",1606,53.5,7.6
1517,1400000US39023003200,39023003200,"Census Tract 32, Clark County, Ohio",2240,55.4,5.3
1518,1400000US39023003301,39023003301,"Census Tract 33.01, Clark County, Ohio",2892,55.2,6.9
1519,1400000US39023003302,39023003302,"Census Tract 33.02, Clark County, Ohio",2057,59.0,7.5
1520,1400000US39023003400,39023003400,"Census Tract 34, Clark County, Ohio",2860,48.4,15.8
1521,1400000US39023003700,39023003700,"Census Tract 37, Clark County, Ohio",3848,61.2,5.5
1522,1400000US39025040101,39025040101,"Census Tract 401.01, Clermont County, Ohio",3975,50.8,8.7
1523,1400000US39025040102,39025040102,"Census Tract 401.02, Clermont County, Ohio",2297,66.5,5.6
1524,1400000US39025040202,39025040202,"Census Tract 402.02, Clermont County, Ohio",1887,64.5,2.0
1525,1400000US39025040203,39025040203,"Census Tract 402.03, Clermont County, Ohio",5007,64.2,4.4
1526,1400000US39025040204,39025040204,"Census Tract 402.04, Clermont County, Ohio",5271,62.8,3.8
1527,1400000US39025040301,39025040301,"Census Tract 403.01, Clermont County, Ohio",2874,63.6,2.1
1528,1400000US39025040302,39025040302,"Census Tract 403.02, Clermont County, Ohio",2647,70.4,2.6
1529,1400000US39025040303,39025040303,"Census Tract 403.03, Clermont County, Ohio",5454,70.6,4.9
1530,1400000US39025040401,39025040401,"Census Tract 404.01, Clermont County, Ohio",2767,59.9,6.3
1531,1400000US39025040403,39025040403,"Census Tract 404.03, Clermont County, Ohio",2083,63.1,9.2
1532,1400000US39025040404,39025040404,"Census Tract 404.04, Clermont County, Ohio",3035,60.7,2.8
1533,1400000US39025040405,39025040405,"Census Tract 404.05, Clermont County, Ohio",2084,70.8,1.3
1534,1400000US39025040500,39025040500,"Census Tract 405, Clermont County, Ohio",4319,54.9,4.9
1535,1400000US39025040600,39025040600,"Census Tract 406, Clermont County, Ohio",5154,66.1,6.0
1536,1400000US39025040701,39025040701,"Census Tract 407.01, Clermont County, Ohio",5170,59.1,7.3
1537,1400000US39025040702,39025040702,"Census Tract 407.02, Clermont County, Ohio",2969,65.2,4.5
1538,1400000US39025040800,39025040800,"Census Tract 408, Clermont County, Ohio",4860,55.1,6.5
1539,1400000US39025040900,39025040900,"Census Tract 409, Clermont County, Ohio",4523,58.2,3.7
1540,1400000US39025041000,39025041000,"Census Tract 410, Clermont County, Ohio",5806,55.9,5.8
1541,1400000US39025041101,39025041101,"Census Tract 411.01, Clermont County, Ohio",2119,66.8,4.3
1542,1400000US39025041102,39025041102,"Census Tract 411.02, Clermont County, Ohio",3283,56.4,7.9
1543,1400000US39025041103,39025041103,"Census Tract 411.03, Clermont County, Ohio",6741,69.4,5.7
1544,1400000US39025041200,39025041200,"Census Tract 412, Clermont County, Ohio",6772,65.7,3.4
1545,1400000US39025041303,39025041303,"Census Tract 413.03, Clermont County, Ohio",4102,70.6,5.5
1546,1400000US39025041304,39025041304,"Census Tract 413.04, Clermont County, Ohio",32,100.0,0.0
1547,1400000US39025041305,39025041305,"Census Tract 413.05, Clermont County, Ohio",4396,72.9,2.8
1548,1400000US39025041306,39025041306,"Census Tract 413.06, Clermont County, Ohio",3649,65.0,6.8
1549,1400000US39025041307,39025041307,"Census Tract 413.07, Clermont County, Ohio",3855,63.4,4.5
1550,1400000US39025041403,39025041403,"Census Tract 414.03, Clermont County, Ohio",3423,63.2,5.5
1551,1400000US39025041404,39025041404,"Census Tract 414.04, Clermont County, Ohio",3920,72.2,2.3
1552,1400000US39025041405,39025041405,"Census Tract 414.05, Clermont County, Ohio",4161,59.5,3.7
1553,1400000US39025041406,39025041406,"Census Tract 414.06, Clermont County, Ohio",3495,67.6,4.7
1554,1400000US39025041501,39025041501,"Census Tract 415.01, Clermont County, Ohio",5824,59.7,7.1
1555,1400000US39025041502,39025041502,"Census Tract 415.02, Clermont County, Ohio",6233,68.2,6.2
1556,1400000US39025041600,39025041600,"Census Tract 416, Clermont County, Ohio",4051,55.7,6.6
1557,1400000US39025041701,39025041701,"Census Tract 417.01, Clermont County, Ohio",3657,56.2,11.5
1558,1400000US39025041702,39025041702,"Census Tract 417.02, Clermont County, Ohio",2522,52.6,11.4
1559,1400000US39025041800,39025041800,"Census Tract 418, Clermont County, Ohio",3095,48.8,11.3
1560,1400000US39025041900,39025041900,"Census Tract 419, Clermont County, Ohio",4338,51.2,7.4
1561,1400000US39025042000,39025042000,"Census Tract 420, Clermont County, Ohio",5177,48.1,8.2
1562,1400000US39027964300,39027964300,"Census Tract 9643, Clinton County, Ohio",2917,54.3,9.5
1563,1400000US39027964400,39027964400,"Census Tract 9644, Clinton County, Ohio",4251,56.7,7.7
1564,1400000US39027964500,39027964500,"Census Tract 9645, Clinton County, Ohio",5239,56.1,11.3
1565,1400000US39027964600,39027964600,"Census Tract 9646, Clinton County, Ohio",1956,49.7,11.8
1566,1400000US39027964700,39027964700,"Census Tract 9647, Clinton County, Ohio",4689,52.6,12.2
1567,1400000US39027964800,39027964800,"Census Tract 9648, Clinton County, Ohio",3754,60.5,6.5
1568,1400000US39027964900,39027964900,"Census Tract 9649, Clinton County, Ohio",3869,56.8,4.2
1569,1400000US39027965000,39027965000,"Census Tract 9650, Clinton County, Ohio",3128,55.9,10.4
1570,1400000US39027965100,39027965100,"Census Tract 9651, Clinton County, Ohio",3116,60.0,9.9
1571,1400000US39029950100,39029950100,"Census Tract 9501, Columbiana County, Ohio",4879,53.7,6.0
1572,1400000US39029950200,39029950200,"Census Tract 9502, Columbiana County, Ohio",3709,51.3,6.5
1573,1400000US39029950300,39029950300,"Census Tract 9503, Columbiana County, Ohio",4413,63.1,3.3
1574,1400000US39029950400,39029950400,"Census Tract 9504, Columbiana County, Ohio",3484,57.7,7.9
1575,1400000US39029950500,39029950500,"Census Tract 9505, Columbiana County, Ohio",4864,57.8,6.4
1576,1400000US39029950600,39029950600,"Census Tract 9506, Columbiana County, Ohio",4334,54.7,9.8
1577,1400000US39029950700,39029950700,"Census Tract 9507, Columbiana County, Ohio",4147,57.6,6.6
1578,1400000US39029950800,39029950800,"Census Tract 9508, Columbiana County, Ohio",3510,63.0,5.4
1579,1400000US39029950900,39029950900,"Census Tract 9509, Columbiana County, Ohio",3331,63.9,7.9
1580,1400000US39029951000,39029951000,"Census Tract 9510, Columbiana County, Ohio",4475,64.6,5.6
1581,1400000US39029951100,39029951100,"Census Tract 9511, Columbiana County, Ohio",3909,44.4,18.8
1582,1400000US39029951200,39029951200,"Census Tract 9512, Columbiana County, Ohio",3593,55.4,13.2
1583,1400000US39029951300,39029951300,"Census Tract 9513, Columbiana County, Ohio",3149,51.2,14.0
1584,1400000US39029951400,39029951400,"Census Tract 9514, Columbiana County, Ohio",6427,38.3,3.9
1585,1400000US39029951500,39029951500,"Census Tract 9515, Columbiana County, Ohio",3558,61.2,8.7
1586,1400000US39029951600,39029951600,"Census Tract 9516, Columbiana County, Ohio",4643,58.2,5.3
1587,1400000US39029951700,39029951700,"Census Tract 9517, Columbiana County, Ohio",4065,50.7,5.2
1588,1400000US39029951800,39029951800,"Census Tract 9518, Columbiana County, Ohio",2204,46.5,19.4
1589,1400000US39029951900,39029951900,"Census Tract 9519, Columbiana County, Ohio",2839,53.6,12.6
1590,1400000US39029952000,39029952000,"Census Tract 9520, Columbiana County, Ohio",2094,41.9,16.1
1591,1400000US39029952100,39029952100,"Census Tract 9521, Columbiana County, Ohio",1143,45.4,18.1
1592,1400000US39029952200,39029952200,"Census Tract 9522, Columbiana County, Ohio",1589,50.7,15.4
1593,1400000US39029952300,39029952300,"Census Tract 9523, Columbiana County, Ohio",2359,48.9,17.1
1594,1400000US39029952400,39029952400,"Census Tract 9524, Columbiana County, Ohio",3423,53.1,13.8
1595,1400000US39031960900,39031960900,"Census Tract 9609, Coshocton County, Ohio",3523,57.3,6.3
1596,1400000US39031961000,39031961000,"Census Tract 9610, Coshocton County, Ohio",3577,55.0,6.4
1597,1400000US39031961100,39031961100,"Census Tract 9611, Coshocton County, Ohio",3488,60.2,9.4
1598,1400000US39031961200,39031961200,"Census Tract 9612, Coshocton County, Ohio",2122,55.4,7.7
1599,1400000US39031961300,39031961300,"Census Tract 9613, Coshocton County, Ohio",3050,45.7,9.1
1600,1400000US39031961400,39031961400,"Census Tract 9614, Coshocton County, Ohio",2684,38.2,15.8
1601,1400000US39031961500,39031961500,"Census Tract 9615, Coshocton County, Ohio",1842,52.3,8.0
1602,1400000US39031961600,39031961600,"Census Tract 9616, Coshocton County, Ohio",2096,55.6,4.0
1603,1400000US39031961700,39031961700,"Census Tract 9617, Coshocton County, Ohio",2461,58.0,7.3
1604,1400000US39031961800,39031961800,"Census Tract 9618, Coshocton County, Ohio",4223,55.3,6.3
1605,1400000US39033974100,39033974100,"Census Tract 9741, Crawford County, Ohio",2813,60.5,5.2
1606,1400000US39033974200,39033974200,"Census Tract 9742, Crawford County, Ohio",3344,59.5,4.3
1607,1400000US39033974300,39033974300,"Census Tract 9743, Crawford County, Ohio",2252,43.6,17.1
1608,1400000US39033974400,39033974400,"Census Tract 9744, Crawford County, Ohio",2894,48.3,10.0
1609,1400000US39033974500,39033974500,"Census Tract 9745, Crawford County, Ohio",3120,56.0,8.3
1610,1400000US39033974600,39033974600,"Census Tract 9746, Crawford County, Ohio",2251,46.9,9.0
1611,1400000US39033974700,39033974700,"Census Tract 9747, Crawford County, Ohio",3166,60.5,2.2
1612,1400000US39033974800,39033974800,"Census Tract 9748, Crawford County, Ohio",1684,52.6,11.2
1613,1400000US39033974900,39033974900,"Census Tract 9749, Crawford County, Ohio",2716,54.7,7.4
1614,1400000US39033975000,39033975000,"Census Tract 9750, Crawford County, Ohio",3070,52.6,7.6
1615,1400000US39033975100,39033975100,"Census Tract 9751, Crawford County, Ohio",2025,56.6,11.2
1616,1400000US39033975200,39033975200,"Census Tract 9752, Crawford County, Ohio",2150,49.3,4.6
1617,1400000US39033975300,39033975300,"Census Tract 9753, Crawford County, Ohio",2783,41.7,14.7
1618,1400000US39035101101,39035101101,"Census Tract 1011.01, Cuyahoga County, Ohio",1509,37.6,23.0
1619,1400000US39035101102,39035101102,"Census Tract 1011.02, Cuyahoga County, Ohio",4042,69.0,4.5
1620,1400000US39035101200,39035101200,"Census Tract 1012, Cuyahoga County, Ohio",2225,40.4,11.6
1621,1400000US39035101300,39035101300,"Census Tract 1013, Cuyahoga County, Ohio",1609,53.5,11.4
1622,1400000US39035101400,39035101400,"Census Tract 1014, Cuyahoga County, Ohio",1500,52.1,12.9
1623,1400000US39035101501,39035101501,"Census Tract 1015.01, Cuyahoga County, Ohio",1793,52.0,16.3
1624,1400000US39035101603,39035101603,"Census Tract 1016.03, Cuyahoga County, Ohio",1839,44.8,26.1
1625,1400000US39035101700,39035101700,"Census Tract 1017, Cuyahoga County, Ohio",1988,46.6,25.5
1626,1400000US39035101800,39035101800,"Census Tract 1018, Cuyahoga County, Ohio",1847,37.9,21.7
1627,1400000US39035101901,39035101901,"Census Tract 1019.01, Cuyahoga County, Ohio",1352,55.0,14.7
1628,1400000US39035102101,39035102101,"Census Tract 1021.01, Cuyahoga County, Ohio",2301,46.1,9.5
1629,1400000US39035102102,39035102102,"Census Tract 1021.02, Cuyahoga County, Ohio",2108,57.4,9.3
1630,1400000US39035102200,39035102200,"Census Tract 1022, Cuyahoga County, Ohio",2137,55.7,10.2
1631,1400000US39035102300,39035102300,"Census Tract 1023, Cuyahoga County, Ohio",1658,59.1,13.0
1632,1400000US39035102401,39035102401,"Census Tract 1024.01, Cuyahoga County, Ohio",1571,54.3,17.5
1633,1400000US39035102402,39035102402,"Census Tract 1024.02, Cuyahoga County, Ohio",2666,41.0,23.7
1634,1400000US39035102700,39035102700,"Census Tract 1027, Cuyahoga County, Ohio",3274,37.0,18.9
1635,1400000US39035102800,39035102800,"Census Tract 1028, Cuyahoga County, Ohio",1360,41.7,18.1
1636,1400000US39035102900,39035102900,"Census Tract 1029, Cuyahoga County, Ohio",1673,41.1,25.5
1637,1400000US39035103100,39035103100,"Census Tract 1031, Cuyahoga County, Ohio",873,63.6,6.7
1638,1400000US39035103300,39035103300,"Census Tract 1033, Cuyahoga County, Ohio",1782,59.9,18.0
1639,1400000US39035103400,39035103400,"Census Tract 1034, Cuyahoga County, Ohio",1974,59.2,7.7
1640,1400000US39035103500,39035103500,"Census Tract 1035, Cuyahoga County, Ohio",1511,57.2,9.5
1641,1400000US39035103602,39035103602,"Census Tract 1036.02, Cuyahoga County, Ohio",3024,55.5,11.1
1642,1400000US39035103800,39035103800,"Census Tract 1038, Cuyahoga County, Ohio",1445,45.4,17.0
1643,1400000US39035103900,39035103900,"Census Tract 1039, Cuyahoga County, Ohio",1483,41.9,18.3
1644,1400000US39035104100,39035104100,"Census Tract 1041, Cuyahoga County, Ohio",796,45.9,25.5
1645,1400000US39035104200,39035104200,"Census Tract 1042, Cuyahoga County, Ohio",935,79.9,5.3
1646,1400000US39035104300,39035104300,"Census Tract 1043, Cuyahoga County, Ohio",1676,77.5,3.6
1647,1400000US39035104400,39035104400,"Census Tract 1044, Cuyahoga County, Ohio",1165,61.2,5.6
1648,1400000US39035104600,39035104600,"Census Tract 1046, Cuyahoga County, Ohio",875,46.2,11.0
1649,1400000US39035104800,39035104800,"Census Tract 1048, Cuyahoga County, Ohio",1430,60.6,11.1
1650,1400000US39035104900,39035104900,"Census Tract 1049, Cuyahoga County, Ohio",1790,42.8,21.7
1651,1400000US39035105100,39035105100,"Census Tract 1051, Cuyahoga County, Ohio",2784,45.5,17.0
1652,1400000US39035105300,39035105300,"Census Tract 1053, Cuyahoga County, Ohio",2254,33.9,23.2
1653,1400000US39035105400,39035105400,"Census Tract 1054, Cuyahoga County, Ohio",2575,54.8,14.3
1654,1400000US39035105500,39035105500,"Census Tract 1055, Cuyahoga County, Ohio",1550,56.9,18.8
1655,1400000US39035105602,39035105602,"Census Tract 1056.02, Cuyahoga County, Ohio",1846,51.0,20.3
1656,1400000US39035105700,39035105700,"Census Tract 1057, Cuyahoga County, Ohio",3582,46.5,16.3
1657,1400000US39035105900,39035105900,"Census Tract 1059, Cuyahoga County, Ohio",2599,59.8,10.2
1658,1400000US39035106100,39035106100,"Census Tract 1061, Cuyahoga County, Ohio",3130,62.0,5.6
1659,1400000US39035106200,39035106200,"Census Tract 1062, Cuyahoga County, Ohio",2945,59.0,8.6
1660,1400000US39035106300,39035106300,"Census Tract 1063, Cuyahoga County, Ohio",2323,58.1,8.8
1661,1400000US39035106400,39035106400,"Census Tract 1064, Cuyahoga County, Ohio",854,58.7,15.1
1662,1400000US39035106500,39035106500,"Census Tract 1065, Cuyahoga County, Ohio",2050,62.9,7.5
1663,1400000US39035106600,39035106600,"Census Tract 1066, Cuyahoga County, Ohio",2708,63.9,11.6
1664,1400000US39035106800,39035106800,"Census Tract 1068, Cuyahoga County, Ohio",2180,47.5,15.1
1665,1400000US39035106900,39035106900,"Census Tract 1069, Cuyahoga County, Ohio",3062,62.9,12.8
1666,1400000US39035107000,39035107000,"Census Tract 1070, Cuyahoga County, Ohio",1409,65.4,5.5
1667,1400000US39035107101,39035107101,"Census Tract 1071.01, Cuyahoga County, Ohio",4632,42.1,6.2
1668,1400000US39035107701,39035107701,"Census Tract 1077.01, Cuyahoga County, Ohio",2202,68.6,6.8
1669,1400000US39035107802,39035107802,"Census Tract 1078.02, Cuyahoga County, Ohio",4159,35.0,22.1
1670,1400000US39035108201,39035108201,"Census Tract 1082.01, Cuyahoga County, Ohio",1325,54.4,10.4
1671,1400000US39035108301,39035108301,"Census Tract 1083.01, Cuyahoga County, Ohio",1417,58.5,7.3
1672,1400000US39035108400,39035108400,"Census Tract 1084, Cuyahoga County, Ohio",919,50.9,13.8
1673,1400000US39035108701,39035108701,"Census Tract 1087.01, Cuyahoga County, Ohio",2374,28.1,48.1
1674,1400000US39035109301,39035109301,"Census Tract 1093.01, Cuyahoga County, Ohio",1039,36.0,32.2
1675,1400000US39035109701,39035109701,"Census Tract 1097.01, Cuyahoga County, Ohio",1363,27.1,36.5
1676,1400000US39035109801,39035109801,"Census Tract 1098.01, Cuyahoga County, Ohio",1180,31.6,45.9
1677,1400000US39035110501,39035110501,"Census Tract 1105.01, Cuyahoga County, Ohio",583,39.1,11.3
1678,1400000US39035110801,39035110801,"Census Tract 1108.01, Cuyahoga County, Ohio",852,49.8,21.5
1679,1400000US39035110901,39035110901,"Census Tract 1109.01, Cuyahoga County, Ohio",2250,40.0,31.5
1680,1400000US39035111202,39035111202,"Census Tract 1112.02, Cuyahoga County, Ohio",998,62.0,19.7
1681,1400000US39035111401,39035111401,"Census Tract 1114.01, Cuyahoga County, Ohio",770,43.5,31.4
1682,1400000US39035111500,39035111500,"Census Tract 1115, Cuyahoga County, Ohio",716,47.8,21.9
1683,1400000US39035111600,39035111600,"Census Tract 1116, Cuyahoga County, Ohio",734,35.0,32.4
1684,1400000US39035111700,39035111700,"Census Tract 1117, Cuyahoga County, Ohio",825,36.6,34.1
1685,1400000US39035111800,39035111800,"Census Tract 1118, Cuyahoga County, Ohio",559,53.5,14.3
1686,1400000US39035111902,39035111902,"Census Tract 1119.02, Cuyahoga County, Ohio",546,28.2,38.9
1687,1400000US39035112100,39035112100,"Census Tract 1121, Cuyahoga County, Ohio",1448,24.1,37.8
1688,1400000US39035112200,39035112200,"Census Tract 1122, Cuyahoga County, Ohio",872,27.5,43.5
1689,1400000US39035112301,39035112301,"Census Tract 1123.01, Cuyahoga County, Ohio",1239,26.7,34.6
1690,1400000US39035112400,39035112400,"Census Tract 1124, Cuyahoga County, Ohio",881,60.2,14.9
1691,1400000US39035112500,39035112500,"Census Tract 1125, Cuyahoga County, Ohio",1015,36.8,30.0
1692,1400000US39035112600,39035112600,"Census Tract 1126, Cuyahoga County, Ohio",692,36.0,39.0
1693,1400000US39035112800,39035112800,"Census Tract 1128, Cuyahoga County, Ohio",741,28.1,30.4
1694,1400000US39035113101,39035113101,"Census Tract 1131.01, Cuyahoga County, Ohio",658,17.0,30.9
1695,1400000US39035113500,39035113500,"Census Tract 1135, Cuyahoga County, Ohio",908,31.9,36.8
1696,1400000US39035113600,39035113600,"Census Tract 1136, Cuyahoga County, Ohio",745,39.6,24.0
1697,1400000US39035113801,39035113801,"Census Tract 1138.01, Cuyahoga County, Ohio",1210,30.6,35.3
1698,1400000US39035114100,39035114100,"Census Tract 1141, Cuyahoga County, Ohio",700,24.1,44.6
1699,1400000US39035114300,39035114300,"Census Tract 1143, Cuyahoga County, Ohio",815,36.9,38.8
1700,1400000US39035114501,39035114501,"Census Tract 1145.01, Cuyahoga County, Ohio",840,47.4,14.6
1701,1400000US39035114600,39035114600,"Census Tract 1146, Cuyahoga County, Ohio",887,44.2,29.6
1702,1400000US39035114700,39035114700,"Census Tract 1147, Cuyahoga County, Ohio",333,39.0,37.5
1703,1400000US39035114900,39035114900,"Census Tract 1149, Cuyahoga County, Ohio",1547,37.4,26.4
1704,1400000US39035115100,39035115100,"Census Tract 1151, Cuyahoga County, Ohio",990,42.2,32.7
1705,1400000US39035115200,39035115200,"Census Tract 1152, Cuyahoga County, Ohio",688,44.0,24.6
1706,1400000US39035115300,39035115300,"Census Tract 1153, Cuyahoga County, Ohio",695,40.4,34.0
1707,1400000US39035115400,39035115400,"Census Tract 1154, Cuyahoga County, Ohio",1433,40.1,32.3
1708,1400000US39035115700,39035115700,"Census Tract 1157, Cuyahoga County, Ohio",1095,39.5,16.6
1709,1400000US39035115800,39035115800,"Census Tract 1158, Cuyahoga County, Ohio",2288,42.0,26.4
1710,1400000US39035115900,39035115900,"Census Tract 1159, Cuyahoga County, Ohio",2904,51.8,21.0
1711,1400000US39035116100,39035116100,"Census Tract 1161, Cuyahoga County, Ohio",676,36.1,31.5
1712,1400000US39035116200,39035116200,"Census Tract 1162, Cuyahoga County, Ohio",775,41.2,24.0
1713,1400000US39035116300,39035116300,"Census Tract 1163, Cuyahoga County, Ohio",1359,40.9,29.5
1714,1400000US39035116400,39035116400,"Census Tract 1164, Cuyahoga County, Ohio",2224,37.4,39.3
1715,1400000US39035116500,39035116500,"Census Tract 1165, Cuyahoga County, Ohio",1688,40.3,28.6
1716,1400000US39035116600,39035116600,"Census Tract 1166, Cuyahoga County, Ohio",1831,40.4,29.3
1717,1400000US39035116700,39035116700,"Census Tract 1167, Cuyahoga County, Ohio",1301,33.1,32.0
1718,1400000US39035116800,39035116800,"Census Tract 1168, Cuyahoga County, Ohio",1852,45.5,24.9
1719,1400000US39035116900,39035116900,"Census Tract 1169, Cuyahoga County, Ohio",1120,29.3,39.1
1720,1400000US39035117101,39035117101,"Census Tract 1171.01, Cuyahoga County, Ohio",2036,52.2,17.1
1721,1400000US39035117102,39035117102,"Census Tract 1171.02, Cuyahoga County, Ohio",956,37.4,29.4
1722,1400000US39035117201,39035117201,"Census Tract 1172.01, Cuyahoga County, Ohio",2662,21.1,29.1
1723,1400000US39035117202,39035117202,"Census Tract 1172.02, Cuyahoga County, Ohio",1471,59.3,14.4
1724,1400000US39035117300,39035117300,"Census Tract 1173, Cuyahoga County, Ohio",2009,35.8,32.6
1725,1400000US39035117400,39035117400,"Census Tract 1174, Cuyahoga County, Ohio",1144,37.0,31.8
1726,1400000US39035117500,39035117500,"Census Tract 1175, Cuyahoga County, Ohio",2188,54.2,10.8
1727,1400000US39035117600,39035117600,"Census Tract 1176, Cuyahoga County, Ohio",2422,57.7,15.2
1728,1400000US39035117700,39035117700,"Census Tract 1177, Cuyahoga County, Ohio",3608,58.7,8.5
1729,1400000US39035117800,39035117800,"Census Tract 1178, Cuyahoga County, Ohio",1736,48.6,27.9
1730,1400000US39035117900,39035117900,"Census Tract 1179, Cuyahoga County, Ohio",1736,50.6,16.3
1731,1400000US39035118101,39035118101,"Census Tract 1181.01, Cuyahoga County, Ohio",1660,30.4,27.5
1732,1400000US39035118200,39035118200,"Census Tract 1182, Cuyahoga County, Ohio",1372,41.6,22.4
1733,1400000US39035118301,39035118301,"Census Tract 1183.01, Cuyahoga County, Ohio",1714,48.0,21.5
1734,1400000US39035118400,39035118400,"Census Tract 1184, Cuyahoga County, Ohio",1253,38.5,28.5
1735,1400000US39035118500,39035118500,"Census Tract 1185, Cuyahoga County, Ohio",685,46.9,21.1
1736,1400000US39035118602,39035118602,"Census Tract 1186.02, Cuyahoga County, Ohio",1315,20.2,41.0
1737,1400000US39035118700,39035118700,"Census Tract 1187, Cuyahoga County, Ohio",3840,43.8,10.6
1738,1400000US39035118800,39035118800,"Census Tract 1188, Cuyahoga County, Ohio",2794,45.0,7.6
1739,1400000US39035118900,39035118900,"Census Tract 1189, Cuyahoga County, Ohio",1180,54.9,20.4
1740,1400000US39035119100,39035119100,"Census Tract 1191, Cuyahoga County, Ohio",142,42.3,6.3
1741,1400000US39035119202,39035119202,"Census Tract 1192.02, Cuyahoga County, Ohio",1064,22.0,25.5
1742,1400000US39035119300,39035119300,"Census Tract 1193, Cuyahoga County, Ohio",2328,40.5,28.8
1743,1400000US39035119401,39035119401,"Census Tract 1194.01, Cuyahoga County, Ohio",1680,42.7,13.0
1744,1400000US39035119402,39035119402,"Census Tract 1194.02, Cuyahoga County, Ohio",1377,49.2,19.8
1745,1400000US39035119501,39035119501,"Census Tract 1195.01, Cuyahoga County, Ohio",2177,56.1,11.2
1746,1400000US39035119502,39035119502,"Census Tract 1195.02, Cuyahoga County, Ohio",1697,52.6,11.1
1747,1400000US39035119600,39035119600,"Census Tract 1196, Cuyahoga County, Ohio",1718,37.8,30.4
1748,1400000US39035119701,39035119701,"Census Tract 1197.01, Cuyahoga County, Ohio",1260,45.9,11.8
1749,1400000US39035119702,39035119702,"Census Tract 1197.02, Cuyahoga County, Ohio",1462,37.1,42.5
1750,1400000US39035119800,39035119800,"Census Tract 1198, Cuyahoga County, Ohio",2635,37.5,29.7
1751,1400000US39035119900,39035119900,"Census Tract 1199, Cuyahoga County, Ohio",1567,35.3,31.8
1752,1400000US39035120200,39035120200,"Census Tract 1202, Cuyahoga County, Ohio",2065,29.9,40.3
1753,1400000US39035120400,39035120400,"Census Tract 1204, Cuyahoga County, Ohio",1989,28.1,40.8
1754,1400000US39035120500,39035120500,"Census Tract 1205, Cuyahoga County, Ohio",1890,39.0,38.8
1755,1400000US39035120600,39035120600,"Census Tract 1206, Cuyahoga County, Ohio",1917,37.8,22.1
1756,1400000US39035120701,39035120701,"Census Tract 1207.01, Cuyahoga County, Ohio",1181,36.5,22.9
1757,1400000US39035120702,39035120702,"Census Tract 1207.02, Cuyahoga County, Ohio",1395,40.0,26.9
1758,1400000US39035120801,39035120801,"Census Tract 1208.01, Cuyahoga County, Ohio",1642,49.3,14.0
1759,1400000US39035120802,39035120802,"Census Tract 1208.02, Cuyahoga County, Ohio",1681,46.9,26.8
1760,1400000US39035121100,39035121100,"Census Tract 1211, Cuyahoga County, Ohio",1939,39.8,28.8
1761,1400000US39035121200,39035121200,"Census Tract 1212, Cuyahoga County, Ohio",1244,47.8,18.7
1762,1400000US39035121300,39035121300,"Census Tract 1213, Cuyahoga County, Ohio",1803,30.3,40.2
1763,1400000US39035121401,39035121401,"Census Tract 1214.01, Cuyahoga County, Ohio",1353,38.6,30.9
1764,1400000US39035121403,39035121403,"Census Tract 1214.03, Cuyahoga County, Ohio",2163,33.9,29.3
1765,1400000US39035121500,39035121500,"Census Tract 1215, Cuyahoga County, Ohio",2569,38.6,32.6
1766,1400000US39035121700,39035121700,"Census Tract 1217, Cuyahoga County, Ohio",3061,44.0,20.3
1767,1400000US39035121800,39035121800,"Census Tract 1218, Cuyahoga County, Ohio",1585,36.5,26.6
1768,1400000US39035121900,39035121900,"Census Tract 1219, Cuyahoga County, Ohio",1007,37.8,19.1
1769,1400000US39035122100,39035122100,"Census Tract 1221, Cuyahoga County, Ohio",2751,45.2,22.9
1770,1400000US39035122200,39035122200,"Census Tract 1222, Cuyahoga County, Ohio",1482,44.0,22.0
1771,1400000US39035122300,39035122300,"Census Tract 1223, Cuyahoga County, Ohio",1518,37.1,24.2
1772,1400000US39035123100,39035123100,"Census Tract 1231, Cuyahoga County, Ohio",2099,71.5,0.7
1773,1400000US39035123200,39035123200,"Census Tract 1232, Cuyahoga County, Ohio",2756,62.0,8.0
1774,1400000US39035123400,39035123400,"Census Tract 1234, Cuyahoga County, Ohio",3059,67.7,5.1
1775,1400000US39035123501,39035123501,"Census Tract 1235.01, Cuyahoga County, Ohio",2682,53.7,11.3
1776,1400000US39035123502,39035123502,"Census Tract 1235.02, Cuyahoga County, Ohio",2256,58.3,9.2
1777,1400000US39035123601,39035123601,"Census Tract 1236.01, Cuyahoga County, Ohio",2560,61.3,10.4
1778,1400000US39035123602,39035123602,"Census Tract 1236.02, Cuyahoga County, Ohio",2575,52.3,10.2
1779,1400000US39035123603,39035123603,"Census Tract 1236.03, Cuyahoga County, Ohio",2887,58.7,11.7
1780,1400000US39035123700,39035123700,"Census Tract 1237, Cuyahoga County, Ohio",2190,58.1,8.5
1781,1400000US39035123800,39035123800,"Census Tract 1238, Cuyahoga County, Ohio",1585,44.9,21.9
1782,1400000US39035123900,39035123900,"Census Tract 1239, Cuyahoga County, Ohio",1978,61.0,7.8
1783,1400000US39035124100,39035124100,"Census Tract 1241, Cuyahoga County, Ohio",3979,56.4,9.6
1784,1400000US39035124201,39035124201,"Census Tract 1242.01, Cuyahoga County, Ohio",2097,61.1,10.6
1785,1400000US39035124202,39035124202,"Census Tract 1242.02, Cuyahoga County, Ohio",1444,42.9,9.9
1786,1400000US39035124300,39035124300,"Census Tract 1243, Cuyahoga County, Ohio",3535,58.5,12.4
1787,1400000US39035124500,39035124500,"Census Tract 1245, Cuyahoga County, Ohio",3225,59.7,6.3
1788,1400000US39035124600,39035124600,"Census Tract 1246, Cuyahoga County, Ohio",3041,49.5,17.4
1789,1400000US39035126100,39035126100,"Census Tract 1261, Cuyahoga County, Ohio",2563,52.2,14.5
1790,1400000US39035127501,39035127501,"Census Tract 1275.01, Cuyahoga County, Ohio",2557,37.2,25.3
1791,1400000US39035130103,39035130103,"Census Tract 1301.03, Cuyahoga County, Ohio",3476,64.9,3.3
1792,1400000US39035130104,39035130104,"Census Tract 1301.04, Cuyahoga County, Ohio",3136,68.3,1.0
1793,1400000US39035130105,39035130105,"Census Tract 1301.05, Cuyahoga County, Ohio",2718,62.0,3.4
1794,1400000US39035130106,39035130106,"Census Tract 1301.06, Cuyahoga County, Ohio",2743,68.7,5.0
1795,1400000US39035131102,39035131102,"Census Tract 1311.02, Cuyahoga County, Ohio",2758,50.5,1.8
1796,1400000US39035131103,39035131103,"Census Tract 1311.03, Cuyahoga County, Ohio",3142,65.4,3.7
1797,1400000US39035131104,39035131104,"Census Tract 1311.04, Cuyahoga County, Ohio",3906,45.9,1.2
1798,1400000US39035132100,39035132100,"Census Tract 1321, Cuyahoga County, Ohio",3775,59.4,9.2
1799,1400000US39035132200,39035132200,"Census Tract 1322, Cuyahoga County, Ohio",2224,66.8,7.8
1800,1400000US39035132301,39035132301,"Census Tract 1323.01, Cuyahoga County, Ohio",2796,70.5,4.3
1801,1400000US39035132302,39035132302,"Census Tract 1323.02, Cuyahoga County, Ohio",1407,63.5,7.1
1802,1400000US39035133103,39035133103,"Census Tract 1331.03, Cuyahoga County, Ohio",2831,50.0,11.8
1803,1400000US39035133104,39035133104,"Census Tract 1331.04, Cuyahoga County, Ohio",2199,51.9,14.2
1804,1400000US39035134100,39035134100,"Census Tract 1341, Cuyahoga County, Ohio",1219,65.8,9.8
1805,1400000US39035134203,39035134203,"Census Tract 1342.03, Cuyahoga County, Ohio",2625,68.5,6.7
1806,1400000US39035134204,39035134204,"Census Tract 1342.04, Cuyahoga County, Ohio",3707,61.1,5.3
1807,1400000US39035134205,39035134205,"Census Tract 1342.05, Cuyahoga County, Ohio",2389,64.2,6.3
1808,1400000US39035134206,39035134206,"Census Tract 1342.06, Cuyahoga County, Ohio",2532,61.1,5.4
1809,1400000US39035134300,39035134300,"Census Tract 1343, Cuyahoga County, Ohio",3657,54.9,4.3
1810,1400000US39035135103,39035135103,"Census Tract 1351.03, Cuyahoga County, Ohio",1915,59.8,5.4
1811,1400000US39035135104,39035135104,"Census Tract 1351.04, Cuyahoga County, Ohio",3416,64.5,4.5
1812,1400000US39035135105,39035135105,"Census Tract 1351.05, Cuyahoga County, Ohio",4667,61.5,2.6
1813,1400000US39035135106,39035135106,"Census Tract 1351.06, Cuyahoga County, Ohio",1021,68.1,4.7
1814,1400000US39035136101,39035136101,"Census Tract 1361.01, Cuyahoga County, Ohio",4743,66.0,4.9
1815,1400000US39035136102,39035136102,"Census Tract 1361.02, Cuyahoga County, Ohio",5871,68.8,2.6
1816,1400000US39035136103,39035136103,"Census Tract 1361.03, Cuyahoga County, Ohio",4699,60.4,8.8
1817,1400000US39035137101,39035137101,"Census Tract 1371.01, Cuyahoga County, Ohio",2002,58.5,12.9
1818,1400000US39035137102,39035137102,"Census Tract 1371.02, Cuyahoga County, Ohio",3778,60.0,7.0
1819,1400000US39035137103,39035137103,"Census Tract 1371.03, Cuyahoga County, Ohio",3488,59.3,7.8
1820,1400000US39035138105,39035138105,"Census Tract 1381.05, Cuyahoga County, Ohio",957,61.2,9.1
1821,1400000US39035138106,39035138106,"Census Tract 1381.06, Cuyahoga County, Ohio",2644,60.3,8.4
1822,1400000US39035138107,39035138107,"Census Tract 1381.07, Cuyahoga County, Ohio",1624,58.1,4.1
1823,1400000US39035138108,39035138108,"Census Tract 1381.08, Cuyahoga County, Ohio",3445,55.1,11.3
1824,1400000US39035138109,39035138109,"Census Tract 1381.09, Cuyahoga County, Ohio",3523,60.0,5.2
1825,1400000US39035138110,39035138110,"Census Tract 1381.10, Cuyahoga County, Ohio",3329,55.5,7.1
1826,1400000US39035140100,39035140100,"Census Tract 1401, Cuyahoga County, Ohio",1232,59.7,9.4
1827,1400000US39035140301,39035140301,"Census Tract 1403.01, Cuyahoga County, Ohio",1861,45.4,18.9
1828,1400000US39035140302,39035140302,"Census Tract 1403.02, Cuyahoga County, Ohio",1878,55.3,5.7
1829,1400000US39035140400,39035140400,"Census Tract 1404, Cuyahoga County, Ohio",2141,52.5,7.3
1830,1400000US39035140500,39035140500,"Census Tract 1405, Cuyahoga County, Ohio",2638,63.8,13.7
1831,1400000US39035140600,39035140600,"Census Tract 1406, Cuyahoga County, Ohio",730,58.8,13.7
1832,1400000US39035140701,39035140701,"Census Tract 1407.01, Cuyahoga County, Ohio",1929,50.8,17.4
1833,1400000US39035140702,39035140702,"Census Tract 1407.02, Cuyahoga County, Ohio",1431,55.9,6.3
1834,1400000US39035140800,39035140800,"Census Tract 1408, Cuyahoga County, Ohio",2755,54.3,4.0
1835,1400000US39035140900,39035140900,"Census Tract 1409, Cuyahoga County, Ohio",1696,54.8,18.1
1836,1400000US39035141000,39035141000,"Census Tract 1410, Cuyahoga County, Ohio",846,49.4,26.7
1837,1400000US39035141100,39035141100,"Census Tract 1411, Cuyahoga County, Ohio",4026,66.2,4.8
1838,1400000US39035141200,39035141200,"Census Tract 1412, Cuyahoga County, Ohio",2611,68.9,2.0
1839,1400000US39035141300,39035141300,"Census Tract 1413, Cuyahoga County, Ohio",2468,59.8,7.5
1840,1400000US39035141400,39035141400,"Census Tract 1414, Cuyahoga County, Ohio",1961,60.0,5.5
1841,1400000US39035141500,39035141500,"Census Tract 1415, Cuyahoga County, Ohio",1445,66.9,10.0
1842,1400000US39035141601,39035141601,"Census Tract 1416.01, Cuyahoga County, Ohio",1259,70.0,1.5
1843,1400000US39035141602,39035141602,"Census Tract 1416.02, Cuyahoga County, Ohio",1136,60.5,13.4
1844,1400000US39035141700,39035141700,"Census Tract 1417, Cuyahoga County, Ohio",1172,65.4,3.9
1845,1400000US39035150100,39035150100,"Census Tract 1501, Cuyahoga County, Ohio",1913,37.3,27.1
1846,1400000US39035150300,39035150300,"Census Tract 1503, Cuyahoga County, Ohio",1426,34.3,34.1
1847,1400000US39035150400,39035150400,"Census Tract 1504, Cuyahoga County, Ohio",1085,38.7,29.3
1848,1400000US39035151100,39035151100,"Census Tract 1511, Cuyahoga County, Ohio",1152,37.5,33.6
1849,1400000US39035151200,39035151200,"Census Tract 1512, Cuyahoga County, Ohio",1280,43.5,29.0
1850,1400000US39035151300,39035151300,"Census Tract 1513, Cuyahoga County, Ohio",1841,23.1,10.9
1851,1400000US39035151400,39035151400,"Census Tract 1514, Cuyahoga County, Ohio",1243,43.6,23.1
1852,1400000US39035151500,39035151500,"Census Tract 1515, Cuyahoga County, Ohio",1014,38.6,32.8
1853,1400000US39035151600,39035151600,"Census Tract 1516, Cuyahoga County, Ohio",1042,40.1,29.9
1854,1400000US39035151700,39035151700,"Census Tract 1517, Cuyahoga County, Ohio",840,35.0,24.6
1855,1400000US39035151800,39035151800,"Census Tract 1518, Cuyahoga County, Ohio",1291,38.0,36.7
1856,1400000US39035152101,39035152101,"Census Tract 1521.01, Cuyahoga County, Ohio",1936,64.3,7.6
1857,1400000US39035152102,39035152102,"Census Tract 1521.02, Cuyahoga County, Ohio",3353,59.4,9.9
1858,1400000US39035152201,39035152201,"Census Tract 1522.01, Cuyahoga County, Ohio",2580,61.2,17.2
1859,1400000US39035152202,39035152202,"Census Tract 1522.02, Cuyahoga County, Ohio",3327,56.1,13.8
1860,1400000US39035152301,39035152301,"Census Tract 1523.01, Cuyahoga County, Ohio",2348,65.2,10.4
1861,1400000US39035152302,39035152302,"Census Tract 1523.02, Cuyahoga County, Ohio",3505,63.4,13.0
1862,1400000US39035152303,39035152303,"Census Tract 1523.03, Cuyahoga County, Ohio",2919,56.0,12.6
1863,1400000US39035152400,39035152400,"Census Tract 1524, Cuyahoga County, Ohio",1507,55.8,17.7
1864,1400000US39035152501,39035152501,"Census Tract 1525.01, Cuyahoga County, Ohio",2895,57.2,8.6
1865,1400000US39035152502,39035152502,"Census Tract 1525.02, Cuyahoga County, Ohio",1865,58.9,11.0
1866,1400000US39035152603,39035152603,"Census Tract 1526.03, Cuyahoga County, Ohio",859,59.6,8.7
1867,1400000US39035152604,39035152604,"Census Tract 1526.04, Cuyahoga County, Ohio",3497,49.6,19.7
1868,1400000US39035152701,39035152701,"Census Tract 1527.01, Cuyahoga County, Ohio",2110,20.4,14.7
1869,1400000US39035152702,39035152702,"Census Tract 1527.02, Cuyahoga County, Ohio",1751,55.7,11.1
1870,1400000US39035152703,39035152703,"Census Tract 1527.03, Cuyahoga County, Ohio",1536,62.8,3.3
1871,1400000US39035153103,39035153103,"Census Tract 1531.03, Cuyahoga County, Ohio",2302,58.3,6.1
1872,1400000US39035153104,39035153104,"Census Tract 1531.04, Cuyahoga County, Ohio",2548,64.8,9.1
1873,1400000US39035153105,39035153105,"Census Tract 1531.05, Cuyahoga County, Ohio",3162,69.5,4.1
1874,1400000US39035153106,39035153106,"Census Tract 1531.06, Cuyahoga County, Ohio",2728,62.8,6.2
1875,1400000US39035153107,39035153107,"Census Tract 1531.07, Cuyahoga County, Ohio",2768,59.8,5.7
1876,1400000US39035154100,39035154100,"Census Tract 1541, Cuyahoga County, Ohio",1530,60.3,17.2
1877,1400000US39035154200,39035154200,"Census Tract 1542, Cuyahoga County, Ohio",1186,40.5,26.8
1878,1400000US39035154300,39035154300,"Census Tract 1543, Cuyahoga County, Ohio",904,35.5,22.1
1879,1400000US39035154400,39035154400,"Census Tract 1544, Cuyahoga County, Ohio",2193,53.5,16.3
1880,1400000US39035154501,39035154501,"Census Tract 1545.01, Cuyahoga County, Ohio",2791,52.7,9.9
1881,1400000US39035154502,39035154502,"Census Tract 1545.02, Cuyahoga County, Ohio",2610,63.2,6.2
1882,1400000US39035154601,39035154601,"Census Tract 1546.01, Cuyahoga County, Ohio",3569,55.7,15.5
1883,1400000US39035154603,39035154603,"Census Tract 1546.03, Cuyahoga County, Ohio",2682,58.5,6.9
1884,1400000US39035154604,39035154604,"Census Tract 1546.04, Cuyahoga County, Ohio",3199,62.0,9.9
1885,1400000US39035154700,39035154700,"Census Tract 1547, Cuyahoga County, Ohio",1971,40.1,23.0
1886,1400000US39035155101,39035155101,"Census Tract 1551.01, Cuyahoga County, Ohio",4377,66.1,3.1
1887,1400000US39035155102,39035155102,"Census Tract 1551.02, Cuyahoga County, Ohio",2515,57.8,7.2
1888,1400000US39035156101,39035156101,"Census Tract 1561.01, Cuyahoga County, Ohio",1148,59.2,6.3
1889,1400000US39035156102,39035156102,"Census Tract 1561.02, Cuyahoga County, Ohio",4688,62.1,6.9
1890,1400000US39035160100,39035160100,"Census Tract 1601, Cuyahoga County, Ohio",1503,69.5,5.3
1891,1400000US39035160200,39035160200,"Census Tract 1602, Cuyahoga County, Ohio",1816,72.0,6.3
1892,1400000US39035160300,39035160300,"Census Tract 1603, Cuyahoga County, Ohio",1481,73.7,7.3
1893,1400000US39035160400,39035160400,"Census Tract 1604, Cuyahoga County, Ohio",2661,70.8,7.1
1894,1400000US39035160500,39035160500,"Census Tract 1605, Cuyahoga County, Ohio",3242,54.0,3.3
1895,1400000US39035160601,39035160601,"Census Tract 1606.01, Cuyahoga County, Ohio",4726,64.3,10.3
1896,1400000US39035160602,39035160602,"Census Tract 1606.02, Cuyahoga County, Ohio",2360,65.3,8.5
1897,1400000US39035160700,39035160700,"Census Tract 1607, Cuyahoga County, Ohio",1467,73.9,6.1
1898,1400000US39035160800,39035160800,"Census Tract 1608, Cuyahoga County, Ohio",939,73.6,9.2
1899,1400000US39035160900,39035160900,"Census Tract 1609, Cuyahoga County, Ohio",3133,78.2,3.6
1900,1400000US39035161000,39035161000,"Census Tract 1610, Cuyahoga County, Ohio",1415,76.8,7.6
1901,1400000US39035161100,39035161100,"Census Tract 1611, Cuyahoga County, Ohio",2876,72.3,3.8
1902,1400000US39035161200,39035161200,"Census Tract 1612, Cuyahoga County, Ohio",2365,70.1,4.6
1903,1400000US39035161300,39035161300,"Census Tract 1613, Cuyahoga County, Ohio",2315,58.4,7.1
1904,1400000US39035161400,39035161400,"Census Tract 1614, Cuyahoga County, Ohio",2622,71.7,5.0
1905,1400000US39035161500,39035161500,"Census Tract 1615, Cuyahoga County, Ohio",3263,66.3,9.5
1906,1400000US39035161600,39035161600,"Census Tract 1616, Cuyahoga County, Ohio",1671,62.1,5.7
1907,1400000US39035161700,39035161700,"Census Tract 1617, Cuyahoga County, Ohio",1784,60.7,14.0
1908,1400000US39035161800,39035161800,"Census Tract 1618, Cuyahoga County, Ohio",953,57.6,13.4
1909,1400000US39035170101,39035170101,"Census Tract 1701.01, Cuyahoga County, Ohio",2219,64.4,4.5
1910,1400000US39035170102,39035170102,"Census Tract 1701.02, Cuyahoga County, Ohio",4194,67.1,6.8
1911,1400000US39035170201,39035170201,"Census Tract 1702.01, Cuyahoga County, Ohio",1869,57.6,4.4
1912,1400000US39035170202,39035170202,"Census Tract 1702.02, Cuyahoga County, Ohio",3239,51.5,4.0
1913,1400000US39035171102,39035171102,"Census Tract 1711.02, Cuyahoga County, Ohio",3878,48.2,16.0
1914,1400000US39035171103,39035171103,"Census Tract 1711.03, Cuyahoga County, Ohio",3263,54.7,16.3
1915,1400000US39035171104,39035171104,"Census Tract 1711.04, Cuyahoga County, Ohio",3726,55.0,14.5
1916,1400000US39035171203,39035171203,"Census Tract 1712.03, Cuyahoga County, Ohio",2087,53.0,15.4
1917,1400000US39035171204,39035171204,"Census Tract 1712.04, Cuyahoga County, Ohio",1460,57.5,13.2
1918,1400000US39035171205,39035171205,"Census Tract 1712.05, Cuyahoga County, Ohio",2054,60.7,13.1
1919,1400000US39035171206,39035171206,"Census Tract 1712.06, Cuyahoga County, Ohio",1958,61.6,10.1
1920,1400000US39035172101,39035172101,"Census Tract 1721.01, Cuyahoga County, Ohio",1946,70.7,3.9
1921,1400000US39035172102,39035172102,"Census Tract 1721.02, Cuyahoga County, Ohio",2901,62.4,8.2
1922,1400000US39035172103,39035172103,"Census Tract 1721.03, Cuyahoga County, Ohio",4141,53.7,8.7
1923,1400000US39035172201,39035172201,"Census Tract 1722.01, Cuyahoga County, Ohio",3195,58.9,5.6
1924,1400000US39035172202,39035172202,"Census Tract 1722.02, Cuyahoga County, Ohio",3324,58.8,11.6
1925,1400000US39035173103,39035173103,"Census Tract 1731.03, Cuyahoga County, Ohio",2312,54.2,7.7
1926,1400000US39035173104,39035173104,"Census Tract 1731.04, Cuyahoga County, Ohio",3794,61.2,3.9
1927,1400000US39035173105,39035173105,"Census Tract 1731.05, Cuyahoga County, Ohio",2150,51.0,6.0
1928,1400000US39035173106,39035173106,"Census Tract 1731.06, Cuyahoga County, Ohio",2976,60.8,8.1
1929,1400000US39035173107,39035173107,"Census Tract 1731.07, Cuyahoga County, Ohio",1956,57.1,9.6
1930,1400000US39035174103,39035174103,"Census Tract 1741.03, Cuyahoga County, Ohio",2533,58.3,3.1
1931,1400000US39035174104,39035174104,"Census Tract 1741.04, Cuyahoga County, Ohio",2009,55.9,10.7
1932,1400000US39035174105,39035174105,"Census Tract 1741.05, Cuyahoga County, Ohio",2290,64.2,2.4
1933,1400000US39035174106,39035174106,"Census Tract 1741.06, Cuyahoga County, Ohio",2370,66.6,3.8
1934,1400000US39035174107,39035174107,"Census Tract 1741.07, Cuyahoga County, Ohio",3228,65.7,4.8
1935,1400000US39035174203,39035174203,"Census Tract 1742.03, Cuyahoga County, Ohio",2664,59.3,6.9
1936,1400000US39035174204,39035174204,"Census Tract 1742.04, Cuyahoga County, Ohio",3237,64.7,8.8
1937,1400000US39035174205,39035174205,"Census Tract 1742.05, Cuyahoga County, Ohio",3861,66.0,5.3
1938,1400000US39035174206,39035174206,"Census Tract 1742.06, Cuyahoga County, Ohio",1666,65.8,9.1
1939,1400000US39035174207,39035174207,"Census Tract 1742.07, Cuyahoga County, Ohio",2839,51.1,12.2
1940,1400000US39035175103,39035175103,"Census Tract 1751.03, Cuyahoga County, Ohio",6009,61.6,7.3
1941,1400000US39035175104,39035175104,"Census Tract 1751.04, Cuyahoga County, Ohio",5270,64.8,5.8
1942,1400000US39035175105,39035175105,"Census Tract 1751.05, Cuyahoga County, Ohio",3841,62.9,7.5
1943,1400000US39035175106,39035175106,"Census Tract 1751.06, Cuyahoga County, Ohio",2543,65.4,5.7
1944,1400000US39035175201,39035175201,"Census Tract 1752.01, Cuyahoga County, Ohio",5134,71.5,2.9
1945,1400000US39035175202,39035175202,"Census Tract 1752.02, Cuyahoga County, Ohio",2501,65.3,1.6
1946,1400000US39035176100,39035176100,"Census Tract 1761, Cuyahoga County, Ohio",1810,59.9,7.1
1947,1400000US39035176200,39035176200,"Census Tract 1762, Cuyahoga County, Ohio",4356,66.8,3.9
1948,1400000US39035177101,39035177101,"Census Tract 1771.01, Cuyahoga County, Ohio",3275,57.1,11.6
1949,1400000US39035177103,39035177103,"Census Tract 1771.03, Cuyahoga County, Ohio",3212,58.3,9.4
1950,1400000US39035177104,39035177104,"Census Tract 1771.04, Cuyahoga County, Ohio",2727,65.3,9.5
1951,1400000US39035177201,39035177201,"Census Tract 1772.01, Cuyahoga County, Ohio",3308,67.7,7.7
1952,1400000US39035177202,39035177202,"Census Tract 1772.02, Cuyahoga County, Ohio",2733,62.5,8.0
1953,1400000US39035177302,39035177302,"Census Tract 1773.02, Cuyahoga County, Ohio",2130,62.0,3.5
1954,1400000US39035177303,39035177303,"Census Tract 1773.03, Cuyahoga County, Ohio",3938,66.5,11.0
1955,1400000US39035177304,39035177304,"Census Tract 1773.04, Cuyahoga County, Ohio",2978,57.6,5.9
1956,1400000US39035177403,39035177403,"Census Tract 1774.03, Cuyahoga County, Ohio",2427,67.7,6.5
1957,1400000US39035177404,39035177404,"Census Tract 1774.04, Cuyahoga County, Ohio",2123,63.3,4.9
1958,1400000US39035177405,39035177405,"Census Tract 1774.05, Cuyahoga County, Ohio",3701,70.0,3.8
1959,1400000US39035177406,39035177406,"Census Tract 1774.06, Cuyahoga County, Ohio",3217,59.1,9.3
1960,1400000US39035177501,39035177501,"Census Tract 1775.01, Cuyahoga County, Ohio",3506,58.5,8.0
1961,1400000US39035177503,39035177503,"Census Tract 1775.03, Cuyahoga County, Ohio",2937,63.3,4.5
1962,1400000US39035177504,39035177504,"Census Tract 1775.04, Cuyahoga County, Ohio",3256,63.0,6.0
1963,1400000US39035177505,39035177505,"Census Tract 1775.05, Cuyahoga County, Ohio",3919,61.0,3.5
1964,1400000US39035177604,39035177604,"Census Tract 1776.04, Cuyahoga County, Ohio",1754,56.4,10.4
1965,1400000US39035177605,39035177605,"Census Tract 1776.05, Cuyahoga County, Ohio",2312,56.7,5.8
1966,1400000US39035177606,39035177606,"Census Tract 1776.06, Cuyahoga County, Ohio",3145,53.7,8.0
1967,1400000US39035177607,39035177607,"Census Tract 1776.07, Cuyahoga County, Ohio",3430,51.1,11.1
1968,1400000US39035177608,39035177608,"Census Tract 1776.08, Cuyahoga County, Ohio",4561,58.5,7.7
1969,1400000US39035177609,39035177609,"Census Tract 1776.09, Cuyahoga County, Ohio",1745,50.9,5.0
1970,1400000US39035178101,39035178101,"Census Tract 1781.01, Cuyahoga County, Ohio",2292,53.3,8.7
1971,1400000US39035178102,39035178102,"Census Tract 1781.02, Cuyahoga County, Ohio",3672,66.6,7.2
1972,1400000US39035178201,39035178201,"Census Tract 1782.01, Cuyahoga County, Ohio",2838,58.8,11.1
1973,1400000US39035178204,39035178204,"Census Tract 1782.04, Cuyahoga County, Ohio",3656,54.3,9.1
1974,1400000US39035178205,39035178205,"Census Tract 1782.05, Cuyahoga County, Ohio",1710,54.3,7.4
1975,1400000US39035178206,39035178206,"Census Tract 1782.06, Cuyahoga County, Ohio",2300,67.0,3.8
1976,1400000US39035179101,39035179101,"Census Tract 1791.01, Cuyahoga County, Ohio",2654,56.2,3.9
1977,1400000US39035179102,39035179102,"Census Tract 1791.02, Cuyahoga County, Ohio",2292,54.6,2.5
1978,1400000US39035180102,39035180102,"Census Tract 1801.02, Cuyahoga County, Ohio",3571,55.7,9.3
1979,1400000US39035180103,39035180103,"Census Tract 1801.03, Cuyahoga County, Ohio",3192,54.8,12.6
1980,1400000US39035180104,39035180104,"Census Tract 1801.04, Cuyahoga County, Ohio",2466,63.7,7.9
1981,1400000US39035181100,39035181100,"Census Tract 1811, Cuyahoga County, Ohio",4848,61.7,3.6
1982,1400000US39035181201,39035181201,"Census Tract 1812.01, Cuyahoga County, Ohio",4820,56.9,6.3
1983,1400000US39035181203,39035181203,"Census Tract 1812.03, Cuyahoga County, Ohio",2575,66.8,4.6
1984,1400000US39035181204,39035181204,"Census Tract 1812.04, Cuyahoga County, Ohio",4214,60.7,2.8
1985,1400000US39035182103,39035182103,"Census Tract 1821.03, Cuyahoga County, Ohio",2165,52.9,7.7
1986,1400000US39035182104,39035182104,"Census Tract 1821.04, Cuyahoga County, Ohio",2095,58.1,7.2
1987,1400000US39035182105,39035182105,"Census Tract 1821.05, Cuyahoga County, Ohio",3050,61.1,7.3
1988,1400000US39035182106,39035182106,"Census Tract 1821.06, Cuyahoga County, Ohio",2634,63.5,2.9
1989,1400000US39035183100,39035183100,"Census Tract 1831, Cuyahoga County, Ohio",2342,63.1,7.6
1990,1400000US39035183200,39035183200,"Census Tract 1832, Cuyahoga County, Ohio",1780,63.6,2.3
1991,1400000US39035183300,39035183300,"Census Tract 1833, Cuyahoga County, Ohio",3224,66.6,3.1
1992,1400000US39035183401,39035183401,"Census Tract 1834.01, Cuyahoga County, Ohio",1544,65.5,6.2
1993,1400000US39035183402,39035183402,"Census Tract 1834.02, Cuyahoga County, Ohio",1099,56.0,7.5
1994,1400000US39035183501,39035183501,"Census Tract 1835.01, Cuyahoga County, Ohio",2683,62.0,5.8
1995,1400000US39035183502,39035183502,"Census Tract 1835.02, Cuyahoga County, Ohio",2718,62.2,4.6
1996,1400000US39035183603,39035183603,"Census Tract 1836.03, Cuyahoga County, Ohio",1052,40.9,10.4
1997,1400000US39035183604,39035183604,"Census Tract 1836.04, Cuyahoga County, Ohio",1652,60.7,8.2
1998,1400000US39035183605,39035183605,"Census Tract 1836.05, Cuyahoga County, Ohio",2248,69.5,3.2
1999,1400000US39035183606,39035183606,"Census Tract 1836.06, Cuyahoga County, Ohio",1203,62.5,7.6
2000,1400000US39035184103,39035184103,"Census Tract 1841.03, Cuyahoga County, Ohio",3021,66.7,3.6
2001,1400000US39035184104,39035184104,"Census Tract 1841.04, Cuyahoga County, Ohio",1494,57.2,4.4
2002,1400000US39035184105,39035184105,"Census Tract 1841.05, Cuyahoga County, Ohio",3491,62.8,8.3
2003,1400000US39035184106,39035184106,"Census Tract 1841.06, Cuyahoga County, Ohio",1729,60.8,4.7
2004,1400000US39035184108,39035184108,"Census Tract 1841.08, Cuyahoga County, Ohio",5570,66.2,2.0
2005,1400000US39035185101,39035185101,"Census Tract 1851.01, Cuyahoga County, Ohio",2037,62.1,15.7
2006,1400000US39035185102,39035185102,"Census Tract 1851.02, Cuyahoga County, Ohio",2194,69.2,1.8
2007,1400000US39035185103,39035185103,"Census Tract 1851.03, Cuyahoga County, Ohio",1656,67.1,6.2
2008,1400000US39035185104,39035185104,"Census Tract 1851.04, Cuyahoga County, Ohio",3338,65.2,6.4
2009,1400000US39035185201,39035185201,"Census Tract 1852.01, Cuyahoga County, Ohio",1356,64.1,10.7
2010,1400000US39035185202,39035185202,"Census Tract 1852.02, Cuyahoga County, Ohio",4082,69.0,9.8
2011,1400000US39035185203,39035185203,"Census Tract 1852.03, Cuyahoga County, Ohio",3424,63.0,3.5
2012,1400000US39035186103,39035186103,"Census Tract 1861.03, Cuyahoga County, Ohio",3424,59.7,3.1
2013,1400000US39035186104,39035186104,"Census Tract 1861.04, Cuyahoga County, Ohio",2179,63.1,3.8
2014,1400000US39035186105,39035186105,"Census Tract 1861.05, Cuyahoga County, Ohio",2913,57.6,5.4
2015,1400000US39035186106,39035186106,"Census Tract 1861.06, Cuyahoga County, Ohio",4288,58.7,10.2
2016,1400000US39035186107,39035186107,"Census Tract 1861.07, Cuyahoga County, Ohio",4684,63.5,4.1
2017,1400000US39035186201,39035186201,"Census Tract 1862.01, Cuyahoga County, Ohio",4904,64.2,8.5
2018,1400000US39035186202,39035186202,"Census Tract 1862.02, Cuyahoga County, Ohio",3697,67.6,3.1
2019,1400000US39035186203,39035186203,"Census Tract 1862.03, Cuyahoga County, Ohio",3051,69.3,5.1
2020,1400000US39035186205,39035186205,"Census Tract 1862.05, Cuyahoga County, Ohio",4103,62.9,6.0
2021,1400000US39035186206,39035186206,"Census Tract 1862.06, Cuyahoga County, Ohio",3238,63.7,5.2
2022,1400000US39035187103,39035187103,"Census Tract 1871.03, Cuyahoga County, Ohio",2310,56.5,12.1
2023,1400000US39035187104,39035187104,"Census Tract 1871.04, Cuyahoga County, Ohio",2545,65.3,4.9
2024,1400000US39035187105,39035187105,"Census Tract 1871.05, Cuyahoga County, Ohio",2693,54.4,4.2
2025,1400000US39035187106,39035187106,"Census Tract 1871.06, Cuyahoga County, Ohio",3118,67.9,3.0
2026,1400000US39035188103,39035188103,"Census Tract 1881.03, Cuyahoga County, Ohio",2782,50.9,8.2
2027,1400000US39035188104,39035188104,"Census Tract 1881.04, Cuyahoga County, Ohio",1433,49.4,14.1
2028,1400000US39035188105,39035188105,"Census Tract 1881.05, Cuyahoga County, Ohio",2797,52.5,13.3
2029,1400000US39035188106,39035188106,"Census Tract 1881.06, Cuyahoga County, Ohio",1895,55.3,15.1
2030,1400000US39035188107,39035188107,"Census Tract 1881.07, Cuyahoga County, Ohio",1661,68.3,16.0
2031,1400000US39035189105,39035189105,"Census Tract 1891.05, Cuyahoga County, Ohio",3320,56.7,4.4
2032,1400000US39035189107,39035189107,"Census Tract 1891.07, Cuyahoga County, Ohio",3838,59.8,4.3
2033,1400000US39035189108,39035189108,"Census Tract 1891.08, Cuyahoga County, Ohio",4148,53.3,4.5
2034,1400000US39035189109,39035189109,"Census Tract 1891.09, Cuyahoga County, Ohio",2704,63.6,2.2
2035,1400000US39035189110,39035189110,"Census Tract 1891.10, Cuyahoga County, Ohio",3784,73.8,6.3
2036,1400000US39035189111,39035189111,"Census Tract 1891.11, Cuyahoga County, Ohio",5608,62.1,4.2
2037,1400000US39035189112,39035189112,"Census Tract 1891.12, Cuyahoga County, Ohio",3179,64.5,5.0
2038,1400000US39035190502,39035190502,"Census Tract 1905.02, Cuyahoga County, Ohio",2014,35.1,9.2
2039,1400000US39035190503,39035190503,"Census Tract 1905.03, Cuyahoga County, Ohio",1399,73.2,2.4
2040,1400000US39035190504,39035190504,"Census Tract 1905.04, Cuyahoga County, Ohio",7973,72.7,5.4
2041,1400000US39035192300,39035192300,"Census Tract 1923, Cuyahoga County, Ohio",1244,63.3,6.5
2042,1400000US39035192800,39035192800,"Census Tract 1928, Cuyahoga County, Ohio",1074,53.6,6.3
2043,1400000US39035192900,39035192900,"Census Tract 1929, Cuyahoga County, Ohio",1633,60.8,6.8
2044,1400000US39035193800,39035193800,"Census Tract 1938, Cuyahoga County, Ohio",905,40.8,15.2
2045,1400000US39035193900,39035193900,"Census Tract 1939, Cuyahoga County, Ohio",917,21.0,12.3
2046,1400000US39035194100,39035194100,"Census Tract 1941, Cuyahoga County, Ohio",2131,53.4,4.9
2047,1400000US39035194300,39035194300,"Census Tract 1943, Cuyahoga County, Ohio",2907,61.9,3.4
2048,1400000US39035194500,39035194500,"Census Tract 1945, Cuyahoga County, Ohio",1881,53.3,2.1
2049,1400000US39035194800,39035194800,"Census Tract 1948, Cuyahoga County, Ohio",694,66.7,8.3
2050,1400000US39035194900,39035194900,"Census Tract 1949, Cuyahoga County, Ohio",2541,65.2,3.4
2051,1400000US39035195600,39035195600,"Census Tract 1956, Cuyahoga County, Ohio",3892,51.5,14.4
2052,1400000US39035195700,39035195700,"Census Tract 1957, Cuyahoga County, Ohio",3827,54.0,9.3
2053,1400000US39035195800,39035195800,"Census Tract 1958, Cuyahoga County, Ohio",3029,64.2,2.4
2054,1400000US39035195900,39035195900,"Census Tract 1959, Cuyahoga County, Ohio",3299,59.2,3.3
2055,1400000US39035196000,39035196000,"Census Tract 1960, Cuyahoga County, Ohio",1342,43.7,7.9
2056,1400000US39035196100,39035196100,"Census Tract 1961, Cuyahoga County, Ohio",2018,59.5,14.3
2057,1400000US39035196200,39035196200,"Census Tract 1962, Cuyahoga County, Ohio",2483,52.1,17.7
2058,1400000US39035196300,39035196300,"Census Tract 1963, Cuyahoga County, Ohio",3222,63.7,6.3
2059,1400000US39035196400,39035196400,"Census Tract 1964, Cuyahoga County, Ohio",2307,44.6,16.7
2060,1400000US39035196500,39035196500,"Census Tract 1965, Cuyahoga County, Ohio",1267,37.5,29.1
2061,1400000US39035980100,39035980100,"Census Tract 9801, Cuyahoga County, Ohio",0,-,-
2062,1400000US39035980500,39035980500,"Census Tract 9805, Cuyahoga County, Ohio",0,-,-
2063,1400000US39035981100,39035981100,"Census Tract 9811, Cuyahoga County, Ohio",0,-,-
2064,1400000US39035990000,39035990000,"Census Tract 9900, Cuyahoga County, Ohio",0,-,-
2065,1400000US39037500100,39037500100,"Census Tract 5001, Darke County, Ohio",3009,67.6,3.3
2066,1400000US39037510100,39037510100,"Census Tract 5101, Darke County, Ohio",3115,54.1,11.8
2067,1400000US39037520100,39037520100,"Census Tract 5201, Darke County, Ohio",2553,54.2,10.0
2068,1400000US39037530100,39037530100,"Census Tract 5301, Darke County, Ohio",3287,60.2,5.6
2069,1400000US39037540100,39037540100,"Census Tract 5401, Darke County, Ohio",2620,62.6,5.3
2070,1400000US39037550100,39037550100,"Census Tract 5501, Darke County, Ohio",2908,58.8,6.5
2071,1400000US39037555000,39037555000,"Census Tract 5550, Darke County, Ohio",4947,50.8,6.6
2072,1400000US39037555101,39037555101,"Census Tract 5551.01, Darke County, Ohio",3141,46.4,16.1
2073,1400000US39037555102,39037555102,"Census Tract 5551.02, Darke County, Ohio",3164,55.0,10.7
2074,1400000US39037560100,39037560100,"Census Tract 5601, Darke County, Ohio",5711,62.5,6.7
2075,1400000US39037570101,39037570101,"Census Tract 5701.01, Darke County, Ohio",2223,68.2,1.1
2076,1400000US39037570102,39037570102,"Census Tract 5701.02, Darke County, Ohio",4355,58.0,8.4
2077,1400000US39039958100,39039958100,"Census Tract 9581, Defiance County, Ohio",3321,58.9,10.0
2078,1400000US39039958200,39039958200,"Census Tract 9582, Defiance County, Ohio",3771,65.3,3.3
2079,1400000US39039958300,39039958300,"Census Tract 9583, Defiance County, Ohio",3308,59.6,8.0
2080,1400000US39039958400,39039958400,"Census Tract 9584, Defiance County, Ohio",3333,59.5,6.6
2081,1400000US39039958500,39039958500,"Census Tract 9585, Defiance County, Ohio",3544,56.6,6.2
2082,1400000US39039958600,39039958600,"Census Tract 9586, Defiance County, Ohio",3007,60.0,10.2
2083,1400000US39039958700,39039958700,"Census Tract 9587, Defiance County, Ohio",3741,60.5,6.6
2084,1400000US39039958800,39039958800,"Census Tract 9588, Defiance County, Ohio",2403,53.8,17.3
2085,1400000US39039958900,39039958900,"Census Tract 9589, Defiance County, Ohio",4177,56.3,10.2
2086,1400000US39041010100,39041010100,"Census Tract 101, Delaware County, Ohio",4599,49.9,8.3
2087,1400000US39041010200,39041010200,"Census Tract 102, Delaware County, Ohio",4150,63.7,3.0
2088,1400000US39041010420,39041010420,"Census Tract 104.20, Delaware County, Ohio",2122,65.2,3.6
2089,1400000US39041010421,39041010421,"Census Tract 104.21, Delaware County, Ohio",2127,60.0,4.9
2090,1400000US39041010422,39041010422,"Census Tract 104.22, Delaware County, Ohio",4618,71.8,1.0
2091,1400000US39041010520,39041010520,"Census Tract 105.20, Delaware County, Ohio",4378,69.5,2.1
2092,1400000US39041010530,39041010530,"Census Tract 105.30, Delaware County, Ohio",2320,52.2,3.3
2093,1400000US39041011101,39041011101,"Census Tract 111.01, Delaware County, Ohio",2429,55.7,3.9
2094,1400000US39041011102,39041011102,"Census Tract 111.02, Delaware County, Ohio",4462,64.5,2.9
2095,1400000US39041011200,39041011200,"Census Tract 112, Delaware County, Ohio",2555,58.0,4.1
2096,1400000US39041011411,39041011411,"Census Tract 114.11, Delaware County, Ohio",2374,69.3,3.0
2097,1400000US39041011412,39041011412,"Census Tract 114.12, Delaware County, Ohio",3548,60.9,3.3
2098,1400000US39041011413,39041011413,"Census Tract 114.13, Delaware County, Ohio",5246,72.9,1.1
2099,1400000US39041011421,39041011421,"Census Tract 114.21, Delaware County, Ohio",4769,68.4,5.2
2100,1400000US39041011423,39041011423,"Census Tract 114.23, Delaware County, Ohio",5182,67.4,4.7
2101,1400000US39041011430,39041011430,"Census Tract 114.30, Delaware County, Ohio",2160,66.4,1.1
2102,1400000US39041011520,39041011520,"Census Tract 115.20, Delaware County, Ohio",2983,69.0,3.9
2103,1400000US39041011530,39041011530,"Census Tract 115.30, Delaware County, Ohio",2745,76.6,5.0
2104,1400000US39041011540,39041011540,"Census Tract 115.40, Delaware County, Ohio",4249,70.5,3.3
2105,1400000US39041011550,39041011550,"Census Tract 115.50, Delaware County, Ohio",6270,70.3,2.1
2106,1400000US39041011560,39041011560,"Census Tract 115.60, Delaware County, Ohio",5656,78.1,2.0
2107,1400000US39041011561,39041011561,"Census Tract 115.61, Delaware County, Ohio",3350,83.3,1.9
2108,1400000US39041011604,39041011604,"Census Tract 116.04, Delaware County, Ohio",4189,74.7,2.4
2109,1400000US39041011710,39041011710,"Census Tract 117.10, Delaware County, Ohio",5203,63.1,3.9
2110,1400000US39041011730,39041011730,"Census Tract 117.30, Delaware County, Ohio",4900,72.6,2.5
2111,1400000US39041011740,39041011740,"Census Tract 117.40, Delaware County, Ohio",4342,66.2,3.6
2112,1400000US39041011750,39041011750,"Census Tract 117.50, Delaware County, Ohio",5208,67.4,4.1
2113,1400000US39041011760,39041011760,"Census Tract 117.60, Delaware County, Ohio",3757,65.3,5.3
2114,1400000US39041011762,39041011762,"Census Tract 117.62, Delaware County, Ohio",4340,68.1,2.2
2115,1400000US39041011900,39041011900,"Census Tract 119, Delaware County, Ohio",3929,66.8,3.6
2116,1400000US39041012000,39041012000,"Census Tract 120, Delaware County, Ohio",4438,66.1,3.1
2117,1400000US39041012100,39041012100,"Census Tract 121, Delaware County, Ohio",4910,74.2,2.8
2118,1400000US39041012200,39041012200,"Census Tract 122, Delaware County, Ohio",3831,67.4,1.8
2119,1400000US39041012300,39041012300,"Census Tract 123, Delaware County, Ohio",3419,65.7,3.5
2120,1400000US39041012400,39041012400,"Census Tract 124, Delaware County, Ohio",4319,73.3,3.6
2121,1400000US39043040100,39043040100,"Census Tract 401, Erie County, Ohio",4860,54.6,8.3
2122,1400000US39043040200,39043040200,"Census Tract 402, Erie County, Ohio",3313,53.5,8.7
2123,1400000US39043040300,39043040300,"Census Tract 403, Erie County, Ohio",5240,57.3,6.3
2124,1400000US39043040400,39043040400,"Census Tract 404, Erie County, Ohio",4371,54.4,5.1
2125,1400000US39043040500,39043040500,"Census Tract 405, Erie County, Ohio",3859,59.0,8.7
2126,1400000US39043040600,39043040600,"Census Tract 406, Erie County, Ohio",760,51.4,4.6
2127,1400000US39043040700,39043040700,"Census Tract 407, Erie County, Ohio",3226,61.4,12.5
2128,1400000US39043040800,39043040800,"Census Tract 408, Erie County, Ohio",3407,55.5,6.4
2129,1400000US39043040900,39043040900,"Census Tract 409, Erie County, Ohio",2682,47.4,17.4
2130,1400000US39043041000,39043041000,"Census Tract 410, Erie County, Ohio",2717,57.6,7.4
2131,1400000US39043041100,39043041100,"Census Tract 411, Erie County, Ohio",2758,56.6,14.5
2132,1400000US39043041200,39043041200,"Census Tract 412, Erie County, Ohio",1874,57.3,8.8
2133,1400000US39043041300,39043041300,"Census Tract 413, Erie County, Ohio",3002,60.9,8.3
2134,1400000US39043041400,39043041400,"Census Tract 414, Erie County, Ohio",2154,52.3,5.2
2135,1400000US39043041500,39043041500,"Census Tract 415, Erie County, Ohio",2888,57.5,4.0
2136,1400000US39043041600,39043041600,"Census Tract 416, Erie County, Ohio",4630,69.0,4.4
2137,1400000US39043041700,39043041700,"Census Tract 417, Erie County, Ohio",5311,56.2,8.5
2138,1400000US39043041800,39043041800,"Census Tract 418, Erie County, Ohio",4822,62.7,3.1
2139,1400000US39043990100,39043990100,"Census Tract 9901, Erie County, Ohio",0,-,-
2140,1400000US39045030100,39045030100,"Census Tract 301, Fairfield County, Ohio",3203,50.9,10.6
2141,1400000US39045030200,39045030200,"Census Tract 302, Fairfield County, Ohio",2467,62.7,6.0
2142,1400000US39045030300,39045030300,"Census Tract 303, Fairfield County, Ohio",2386,57.3,12.4
2143,1400000US39045030400,39045030400,"Census Tract 304, Fairfield County, Ohio",3670,61.6,4.3
2144,1400000US39045030600,39045030600,"Census Tract 306, Fairfield County, Ohio",7007,69.9,4.8
2145,1400000US39045030700,39045030700,"Census Tract 307, Fairfield County, Ohio",2660,61.0,7.8
2146,1400000US39045030800,39045030800,"Census Tract 308, Fairfield County, Ohio",4185,63.0,5.5
2147,1400000US39045030900,39045030900,"Census Tract 309, Fairfield County, Ohio",6395,60.5,7.8
2148,1400000US39045031000,39045031000,"Census Tract 310, Fairfield County, Ohio",4596,57.4,3.3
2149,1400000US39045031100,39045031100,"Census Tract 311, Fairfield County, Ohio",4733,57.7,7.3
2150,1400000US39045031200,39045031200,"Census Tract 312, Fairfield County, Ohio",4138,56.8,9.6
2151,1400000US39045031300,39045031300,"Census Tract 313, Fairfield County, Ohio",2540,43.1,12.8
2152,1400000US39045031400,39045031400,"Census Tract 314, Fairfield County, Ohio",5418,49.4,7.0
2153,1400000US39045031500,39045031500,"Census Tract 315, Fairfield County, Ohio",2333,53.3,7.7
2154,1400000US39045031600,39045031600,"Census Tract 316, Fairfield County, Ohio",4965,51.8,7.3
2155,1400000US39045031700,39045031700,"Census Tract 317, Fairfield County, Ohio",3268,59.1,8.6
2156,1400000US39045032000,39045032000,"Census Tract 320, Fairfield County, Ohio",2517,55.9,15.6
2157,1400000US39045032100,39045032100,"Census Tract 321, Fairfield County, Ohio",2848,57.1,5.3
2158,1400000US39045032200,39045032200,"Census Tract 322, Fairfield County, Ohio",2714,49.9,19.7
2159,1400000US39045032300,39045032300,"Census Tract 323, Fairfield County, Ohio",3302,56.2,9.3
2160,1400000US39045032500,39045032500,"Census Tract 325, Fairfield County, Ohio",5401,46.5,2.4
2161,1400000US39045032600,39045032600,"Census Tract 326, Fairfield County, Ohio",5225,57.4,4.6
2162,1400000US39045032701,39045032701,"Census Tract 327.01, Fairfield County, Ohio",3279,67.3,10.0
2163,1400000US39045032702,39045032702,"Census Tract 327.02, Fairfield County, Ohio",5583,72.7,3.7
2164,1400000US39045032800,39045032800,"Census Tract 328, Fairfield County, Ohio",3190,67.7,3.4
2165,1400000US39045032900,39045032900,"Census Tract 329, Fairfield County, Ohio",7916,67.3,4.4
2166,1400000US39045033000,39045033000,"Census Tract 330, Fairfield County, Ohio",3477,62.7,3.8
2167,1400000US39045033100,39045033100,"Census Tract 331, Fairfield County, Ohio",7311,67.7,8.5
2168,1400000US39047925800,39047925800,"Census Tract 9258, Fayette County, Ohio",3093,57.5,6.8
2169,1400000US39047925900,39047925900,"Census Tract 9259, Fayette County, Ohio",2893,58.9,5.6
2170,1400000US39047926000,39047926000,"Census Tract 9260, Fayette County, Ohio",3193,56.3,9.5
2171,1400000US39047926100,39047926100,"Census Tract 9261, Fayette County, Ohio",3758,53.8,9.2
2172,1400000US39047926200,39047926200,"Census Tract 9262, Fayette County, Ohio",3923,50.2,7.8
2173,1400000US39047926300,39047926300,"Census Tract 9263, Fayette County, Ohio",2610,56.3,5.8
2174,1400000US39047926400,39047926400,"Census Tract 9264, Fayette County, Ohio",3286,50.1,14.6
2175,1400000US39049000110,39049000110,"Census Tract 1.10, Franklin County, Ohio",3003,73.2,2.5
2176,1400000US39049000120,39049000120,"Census Tract 1.20, Franklin County, Ohio",2774,75.2,1.4
2177,1400000US39049000210,39049000210,"Census Tract 2.10, Franklin County, Ohio",2795,76.3,2.0
2178,1400000US39049000220,39049000220,"Census Tract 2.20, Franklin County, Ohio",3142,78.0,1.3
2179,1400000US39049000310,39049000310,"Census Tract 3.10, Franklin County, Ohio",2719,61.5,7.2
2180,1400000US39049000320,39049000320,"Census Tract 3.20, Franklin County, Ohio",2102,66.0,3.9
2181,1400000US39049000330,39049000330,"Census Tract 3.30, Franklin County, Ohio",2047,55.4,11.6
2182,1400000US39049000410,39049000410,"Census Tract 4.10, Franklin County, Ohio",2054,81.8,1.5
2183,1400000US39049000420,39049000420,"Census Tract 4.20, Franklin County, Ohio",2889,75.7,2.3
2184,1400000US39049000500,39049000500,"Census Tract 5, Franklin County, Ohio",3809,69.9,4.8
2185,1400000US39049000600,39049000600,"Census Tract 6, Franklin County, Ohio",4337,74.6,5.7
2186,1400000US39049000710,39049000710,"Census Tract 7.10, Franklin County, Ohio",2495,54.0,16.5
2187,1400000US39049000720,39049000720,"Census Tract 7.20, Franklin County, Ohio",1541,46.0,19.6
2188,1400000US39049000730,39049000730,"Census Tract 7.30, Franklin County, Ohio",2367,49.3,26.9
2189,1400000US39049000810,39049000810,"Census Tract 8.10, Franklin County, Ohio",2222,61.0,10.8
2190,1400000US39049000820,39049000820,"Census Tract 8.20, Franklin County, Ohio",2021,56.0,11.2
2191,1400000US39049000910,39049000910,"Census Tract 9.10, Franklin County, Ohio",2579,50.1,18.0
2192,1400000US39049000920,39049000920,"Census Tract 9.20, Franklin County, Ohio",1277,47.7,17.3
2193,1400000US39049001000,39049001000,"Census Tract 10, Franklin County, Ohio",5154,80.2,4.5
2194,1400000US39049001110,39049001110,"Census Tract 11.10, Franklin County, Ohio",3213,56.0,4.2
2195,1400000US39049001121,39049001121,"Census Tract 11.21, Franklin County, Ohio",8828,30.8,19.8
2196,1400000US39049001122,39049001122,"Census Tract 11.22, Franklin County, Ohio",2997,37.4,14.8
2197,1400000US39049001200,39049001200,"Census Tract 12, Franklin County, Ohio",4124,54.2,11.4
2198,1400000US39049001300,39049001300,"Census Tract 13, Franklin County, Ohio",5644,51.2,8.5
2199,1400000US39049001400,39049001400,"Census Tract 14, Franklin County, Ohio",1107,38.9,33.3
2200,1400000US39049001500,39049001500,"Census Tract 15, Franklin County, Ohio",1177,39.6,32.0
2201,1400000US39049001600,39049001600,"Census Tract 16, Franklin County, Ohio",1120,55.4,20.8
2202,1400000US39049001700,39049001700,"Census Tract 17, Franklin County, Ohio",2099,70.6,5.0
2203,1400000US39049001810,39049001810,"Census Tract 18.10, Franklin County, Ohio",3735,47.6,7.3
2204,1400000US39049001820,39049001820,"Census Tract 18.20, Franklin County, Ohio",2711,70.0,3.8
2205,1400000US39049001901,39049001901,"Census Tract 19.01, Franklin County, Ohio",2047,84.4,3.2
2206,1400000US39049001902,39049001902,"Census Tract 19.02, Franklin County, Ohio",3262,84.6,2.3
2207,1400000US39049002000,39049002000,"Census Tract 20, Franklin County, Ohio",2849,81.4,3.4
2208,1400000US39049002100,39049002100,"Census Tract 21, Franklin County, Ohio",1571,86.3,4.2
2209,1400000US39049002200,39049002200,"Census Tract 22, Franklin County, Ohio",1834,83.4,2.7
2210,1400000US39049002300,39049002300,"Census Tract 23, Franklin County, Ohio",974,48.9,19.0
2211,1400000US39049002510,39049002510,"Census Tract 25.10, Franklin County, Ohio",2311,54.0,17.7
2212,1400000US39049002520,39049002520,"Census Tract 25.20, Franklin County, Ohio",2172,44.8,21.0
2213,1400000US39049002600,39049002600,"Census Tract 26, Franklin County, Ohio",2986,39.8,14.4
2214,1400000US39049002710,39049002710,"Census Tract 27.10, Franklin County, Ohio",1505,55.0,18.4
2215,1400000US39049002730,39049002730,"Census Tract 27.30, Franklin County, Ohio",1634,61.5,7.6
2216,1400000US39049002740,39049002740,"Census Tract 27.40, Franklin County, Ohio",1935,60.0,9.3
2217,1400000US39049002750,39049002750,"Census Tract 27.50, Franklin County, Ohio",1760,54.2,16.3
2218,1400000US39049002760,39049002760,"Census Tract 27.60, Franklin County, Ohio",2812,64.7,9.4
2219,1400000US39049002770,39049002770,"Census Tract 27.70, Franklin County, Ohio",1651,51.2,17.1
2220,1400000US39049002780,39049002780,"Census Tract 27.80, Franklin County, Ohio",2250,49.0,3.8
2221,1400000US39049002800,39049002800,"Census Tract 28, Franklin County, Ohio",1654,48.2,20.5
2222,1400000US39049002900,39049002900,"Census Tract 29, Franklin County, Ohio",1565,38.0,34.4
2223,1400000US39049003000,39049003000,"Census Tract 30, Franklin County, Ohio",3353,66.5,7.7
2224,1400000US39049003200,39049003200,"Census Tract 32, Franklin County, Ohio",2559,74.4,2.4
2225,1400000US39049003600,39049003600,"Census Tract 36, Franklin County, Ohio",1149,61.5,3.0
2226,1400000US39049003700,39049003700,"Census Tract 37, Franklin County, Ohio",2897,47.9,17.3
2227,1400000US39049003800,39049003800,"Census Tract 38, Franklin County, Ohio",1847,62.0,10.3
2228,1400000US39049004000,39049004000,"Census Tract 40, Franklin County, Ohio",3201,61.4,4.8
2229,1400000US39049004200,39049004200,"Census Tract 42, Franklin County, Ohio",481,31.4,41.0
2230,1400000US39049004300,39049004300,"Census Tract 43, Franklin County, Ohio",4585,72.0,9.5
2231,1400000US39049004500,39049004500,"Census Tract 45, Franklin County, Ohio",3245,50.8,8.1
2232,1400000US39049004610,39049004610,"Census Tract 46.10, Franklin County, Ohio",2634,66.6,2.0
2233,1400000US39049004620,39049004620,"Census Tract 46.20, Franklin County, Ohio",1767,34.9,6.8
2234,1400000US39049004700,39049004700,"Census Tract 47, Franklin County, Ohio",3548,44.5,13.5
2235,1400000US39049004810,39049004810,"Census Tract 48.10, Franklin County, Ohio",2340,56.7,11.3
2236,1400000US39049004820,39049004820,"Census Tract 48.20, Franklin County, Ohio",1752,40.5,4.4
2237,1400000US39049004900,39049004900,"Census Tract 49, Franklin County, Ohio",4350,41.6,17.1
2238,1400000US39049005000,39049005000,"Census Tract 50, Franklin County, Ohio",3426,47.7,12.3
2239,1400000US39049005100,39049005100,"Census Tract 51, Franklin County, Ohio",1143,24.8,37.8
2240,1400000US39049005200,39049005200,"Census Tract 52, Franklin County, Ohio",2628,87.1,1.9
2241,1400000US39049005300,39049005300,"Census Tract 53, Franklin County, Ohio",2434,52.0,17.3
2242,1400000US39049005410,39049005410,"Census Tract 54.10, Franklin County, Ohio",1186,43.4,25.5
2243,1400000US39049005420,39049005420,"Census Tract 54.20, Franklin County, Ohio",1674,49.4,23.4
2244,1400000US39049005500,39049005500,"Census Tract 55, Franklin County, Ohio",3355,51.0,19.5
2245,1400000US39049005610,39049005610,"Census Tract 56.10, Franklin County, Ohio",1255,55.5,17.3
2246,1400000US39049005620,39049005620,"Census Tract 56.20, Franklin County, Ohio",1914,51.6,20.3
2247,1400000US39049005700,39049005700,"Census Tract 57, Franklin County, Ohio",3176,74.5,4.1
2248,1400000US39049005810,39049005810,"Census Tract 58.10, Franklin County, Ohio",2388,80.7,4.2
2249,1400000US39049005820,39049005820,"Census Tract 58.20, Franklin County, Ohio",1705,62.1,5.0
2250,1400000US39049005900,39049005900,"Census Tract 59, Franklin County, Ohio",1841,49.0,27.1
2251,1400000US39049006000,39049006000,"Census Tract 60, Franklin County, Ohio",1413,52.9,12.5
2252,1400000US39049006100,39049006100,"Census Tract 61, Franklin County, Ohio",1985,43.8,22.6
2253,1400000US39049006220,39049006220,"Census Tract 62.20, Franklin County, Ohio",6018,71.8,5.4
2254,1400000US39049006230,39049006230,"Census Tract 62.30, Franklin County, Ohio",12428,74.9,2.6
2255,1400000US39049006236,39049006236,"Census Tract 62.36, Franklin County, Ohio",4279,67.9,2.8
2256,1400000US39049006310,39049006310,"Census Tract 63.10, Franklin County, Ohio",3335,61.0,5.1
2257,1400000US39049006321,39049006321,"Census Tract 63.21, Franklin County, Ohio",3698,63.8,2.4
2258,1400000US39049006323,39049006323,"Census Tract 63.23, Franklin County, Ohio",2777,59.4,5.9
2259,1400000US39049006330,39049006330,"Census Tract 63.30, Franklin County, Ohio",3910,67.2,4.8
2260,1400000US39049006340,39049006340,"Census Tract 63.40, Franklin County, Ohio",2453,55.5,8.9
2261,1400000US39049006351,39049006351,"Census Tract 63.51, Franklin County, Ohio",3233,69.7,0.4
2262,1400000US39049006352,39049006352,"Census Tract 63.52, Franklin County, Ohio",2696,77.3,2.5
2263,1400000US39049006353,39049006353,"Census Tract 63.53, Franklin County, Ohio",3949,72.7,4.5
2264,1400000US39049006371,39049006371,"Census Tract 63.71, Franklin County, Ohio",5693,68.8,7.8
2265,1400000US39049006372,39049006372,"Census Tract 63.72, Franklin County, Ohio",5133,68.5,2.4
2266,1400000US39049006383,39049006383,"Census Tract 63.83, Franklin County, Ohio",7119,78.8,3.1
2267,1400000US39049006384,39049006384,"Census Tract 63.84, Franklin County, Ohio",5247,76.8,4.0
2268,1400000US39049006386,39049006386,"Census Tract 63.86, Franklin County, Ohio",3380,72.0,2.2
2269,1400000US39049006387,39049006387,"Census Tract 63.87, Franklin County, Ohio",4876,71.6,3.7
2270,1400000US39049006391,39049006391,"Census Tract 63.91, Franklin County, Ohio",3805,72.7,1.4
2271,1400000US39049006392,39049006392,"Census Tract 63.92, Franklin County, Ohio",3573,68.8,3.2
2272,1400000US39049006393,39049006393,"Census Tract 63.93, Franklin County, Ohio",4323,74.4,4.9
2273,1400000US39049006394,39049006394,"Census Tract 63.94, Franklin County, Ohio",2073,72.1,7.4
2274,1400000US39049006395,39049006395,"Census Tract 63.95, Franklin County, Ohio",2911,70.9,4.7
2275,1400000US39049006396,39049006396,"Census Tract 63.96, Franklin County, Ohio",4194,67.0,4.0
2276,1400000US39049006410,39049006410,"Census Tract 64.10, Franklin County, Ohio",2267,69.5,3.5
2277,1400000US39049006430,39049006430,"Census Tract 64.30, Franklin County, Ohio",3636,70.0,3.7
2278,1400000US39049006500,39049006500,"Census Tract 65, Franklin County, Ohio",2431,63.8,1.8
2279,1400000US39049006600,39049006600,"Census Tract 66, Franklin County, Ohio",2831,68.6,3.0
2280,1400000US39049006710,39049006710,"Census Tract 67.10, Franklin County, Ohio",2156,64.4,3.1
2281,1400000US39049006721,39049006721,"Census Tract 67.21, Franklin County, Ohio",2599,63.1,3.7
2282,1400000US39049006722,39049006722,"Census Tract 67.22, Franklin County, Ohio",2353,62.1,3.2
2283,1400000US39049006810,39049006810,"Census Tract 68.10, Franklin County, Ohio",1650,73.9,2.4
2284,1400000US39049006821,39049006821,"Census Tract 68.21, Franklin County, Ohio",3050,57.6,8.6
2285,1400000US39049006822,39049006822,"Census Tract 68.22, Franklin County, Ohio",1745,68.1,5.0
2286,1400000US39049006910,39049006910,"Census Tract 69.10, Franklin County, Ohio",1257,70.1,0.5
2287,1400000US39049006921,39049006921,"Census Tract 69.21, Franklin County, Ohio",3042,68.1,6.3
2288,1400000US39049006923,39049006923,"Census Tract 69.23, Franklin County, Ohio",2743,62.5,5.0
2289,1400000US39049006924,39049006924,"Census Tract 69.24, Franklin County, Ohio",3104,65.6,9.8
2290,1400000US39049006931,39049006931,"Census Tract 69.31, Franklin County, Ohio",4768,67.3,6.3
2291,1400000US39049006932,39049006932,"Census Tract 69.32, Franklin County, Ohio",4735,60.2,8.7
2292,1400000US39049006933,39049006933,"Census Tract 69.33, Franklin County, Ohio",3790,56.9,7.3
2293,1400000US39049006942,39049006942,"Census Tract 69.42, Franklin County, Ohio",997,72.0,5.2
2294,1400000US39049006943,39049006943,"Census Tract 69.43, Franklin County, Ohio",3372,67.0,5.1
2295,1400000US39049006944,39049006944,"Census Tract 69.44, Franklin County, Ohio",3379,68.0,7.6
2296,1400000US39049006945,39049006945,"Census Tract 69.45, Franklin County, Ohio",4725,75.0,1.8
2297,1400000US39049006950,39049006950,"Census Tract 69.50, Franklin County, Ohio",2389,55.0,2.5
2298,1400000US39049006990,39049006990,"Census Tract 69.90, Franklin County, Ohio",5177,74.0,2.6
2299,1400000US39049007010,39049007010,"Census Tract 70.10, Franklin County, Ohio",3358,58.2,8.2
2300,1400000US39049007020,39049007020,"Census Tract 70.20, Franklin County, Ohio",5001,70.5,3.3
2301,1400000US39049007041,39049007041,"Census Tract 70.41, Franklin County, Ohio",1864,55.6,4.2
2302,1400000US39049007043,39049007043,"Census Tract 70.43, Franklin County, Ohio",3863,72.3,7.1
2303,1400000US39049007044,39049007044,"Census Tract 70.44, Franklin County, Ohio",5073,71.4,4.7
2304,1400000US39049007047,39049007047,"Census Tract 70.47, Franklin County, Ohio",2926,76.2,3.0
2305,1400000US39049007048,39049007048,"Census Tract 70.48, Franklin County, Ohio",4995,78.2,7.8
2306,1400000US39049007112,39049007112,"Census Tract 71.12, Franklin County, Ohio",4835,59.2,13.2
2307,1400000US39049007113,39049007113,"Census Tract 71.13, Franklin County, Ohio",3503,71.4,7.1
2308,1400000US39049007114,39049007114,"Census Tract 71.14, Franklin County, Ohio",3646,68.3,10.8
2309,1400000US39049007115,39049007115,"Census Tract 71.15, Franklin County, Ohio",3937,67.3,5.6
2310,1400000US39049007120,39049007120,"Census Tract 71.20, Franklin County, Ohio",3782,69.8,6.4
2311,1400000US39049007132,39049007132,"Census Tract 71.32, Franklin County, Ohio",6438,74.4,3.5
2312,1400000US39049007193,39049007193,"Census Tract 71.93, Franklin County, Ohio",4947,74.4,2.4
2313,1400000US39049007194,39049007194,"Census Tract 71.94, Franklin County, Ohio",5299,57.6,2.3
2314,1400000US39049007198,39049007198,"Census Tract 71.98, Franklin County, Ohio",2164,76.2,6.0
2315,1400000US39049007199,39049007199,"Census Tract 71.99, Franklin County, Ohio",4402,78.6,5.2
2316,1400000US39049007201,39049007201,"Census Tract 72.01, Franklin County, Ohio",501,71.7,4.0
2317,1400000US39049007202,39049007202,"Census Tract 72.02, Franklin County, Ohio",2627,69.3,7.3
2318,1400000US39049007203,39049007203,"Census Tract 72.03, Franklin County, Ohio",2735,67.0,7.5
2319,1400000US39049007205,39049007205,"Census Tract 72.05, Franklin County, Ohio",3891,89.7,2.7
2320,1400000US39049007207,39049007207,"Census Tract 72.07, Franklin County, Ohio",4123,76.2,1.9
2321,1400000US39049007209,39049007209,"Census Tract 72.09, Franklin County, Ohio",5496,70.5,4.2
2322,1400000US39049007210,39049007210,"Census Tract 72.10, Franklin County, Ohio",6394,69.4,4.6
2323,1400000US39049007393,39049007393,"Census Tract 73.93, Franklin County, Ohio",7106,70.6,5.1
2324,1400000US39049007394,39049007394,"Census Tract 73.94, Franklin County, Ohio",1962,61.2,2.9
2325,1400000US39049007395,39049007395,"Census Tract 73.95, Franklin County, Ohio",9761,73.9,5.8
2326,1400000US39049007396,39049007396,"Census Tract 73.96, Franklin County, Ohio",7394,72.5,6.0
2327,1400000US39049007424,39049007424,"Census Tract 74.24, Franklin County, Ohio",4227,69.5,3.9
2328,1400000US39049007425,39049007425,"Census Tract 74.25, Franklin County, Ohio",2203,67.5,7.6
2329,1400000US39049007426,39049007426,"Census Tract 74.26, Franklin County, Ohio",2379,61.2,4.7
2330,1400000US39049007427,39049007427,"Census Tract 74.27, Franklin County, Ohio",4919,66.7,6.5
2331,1400000US39049007492,39049007492,"Census Tract 74.92, Franklin County, Ohio",4788,73.7,3.8
2332,1400000US39049007494,39049007494,"Census Tract 74.94, Franklin County, Ohio",3482,71.1,3.1
2333,1400000US39049007511,39049007511,"Census Tract 75.11, Franklin County, Ohio",1254,41.4,21.1
2334,1400000US39049007512,39049007512,"Census Tract 75.12, Franklin County, Ohio",2976,47.2,18.9
2335,1400000US39049007520,39049007520,"Census Tract 75.20, Franklin County, Ohio",2298,48.6,24.9
2336,1400000US39049007531,39049007531,"Census Tract 75.31, Franklin County, Ohio",1900,68.7,5.8
2337,1400000US39049007532,39049007532,"Census Tract 75.32, Franklin County, Ohio",1693,67.9,8.8
2338,1400000US39049007533,39049007533,"Census Tract 75.33, Franklin County, Ohio",1480,54.3,15.2
2339,1400000US39049007534,39049007534,"Census Tract 75.34, Franklin County, Ohio",2207,44.7,14.6
2340,1400000US39049007550,39049007550,"Census Tract 75.50, Franklin County, Ohio",2586,51.1,13.4
2341,1400000US39049007551,39049007551,"Census Tract 75.51, Franklin County, Ohio",6108,62.2,10.0
2342,1400000US39049007710,39049007710,"Census Tract 77.10, Franklin County, Ohio",3309,55.0,13.6
2343,1400000US39049007721,39049007721,"Census Tract 77.21, Franklin County, Ohio",4448,51.4,13.1
2344,1400000US39049007722,39049007722,"Census Tract 77.22, Franklin County, Ohio",2829,60.0,4.6
2345,1400000US39049007730,39049007730,"Census Tract 77.30, Franklin County, Ohio",2482,62.7,6.8
2346,1400000US39049007740,39049007740,"Census Tract 77.40, Franklin County, Ohio",1548,49.4,4.6
2347,1400000US39049007811,39049007811,"Census Tract 78.11, Franklin County, Ohio",3050,62.9,6.2
2348,1400000US39049007812,39049007812,"Census Tract 78.12, Franklin County, Ohio",3984,66.7,4.2
2349,1400000US39049007820,39049007820,"Census Tract 78.20, Franklin County, Ohio",3263,61.0,8.1
2350,1400000US39049007830,39049007830,"Census Tract 78.30, Franklin County, Ohio",2447,74.2,3.2
2351,1400000US39049007921,39049007921,"Census Tract 79.21, Franklin County, Ohio",6385,70.9,4.2
2352,1400000US39049007922,39049007922,"Census Tract 79.22, Franklin County, Ohio",3607,73.7,2.5
2353,1400000US39049007931,39049007931,"Census Tract 79.31, Franklin County, Ohio",3360,74.4,3.3
2354,1400000US39049007933,39049007933,"Census Tract 79.33, Franklin County, Ohio",6372,78.5,3.7
2355,1400000US39049007941,39049007941,"Census Tract 79.41, Franklin County, Ohio",2152,74.2,3.1
2356,1400000US39049007951,39049007951,"Census Tract 79.51, Franklin County, Ohio",7471,72.4,4.4
2357,1400000US39049007952,39049007952,"Census Tract 79.52, Franklin County, Ohio",6214,66.7,0.8
2358,1400000US39049007953,39049007953,"Census Tract 79.53, Franklin County, Ohio",5158,77.3,4.8
2359,1400000US39049007954,39049007954,"Census Tract 79.54, Franklin County, Ohio",6073,74.3,5.0
2360,1400000US39049008000,39049008000,"Census Tract 80, Franklin County, Ohio",3891,71.4,5.2
2361,1400000US39049008110,39049008110,"Census Tract 81.10, Franklin County, Ohio",3246,60.2,6.2
2362,1400000US39049008120,39049008120,"Census Tract 81.20, Franklin County, Ohio",2856,58.2,6.9
2363,1400000US39049008132,39049008132,"Census Tract 81.32, Franklin County, Ohio",5179,72.3,5.4
2364,1400000US39049008141,39049008141,"Census Tract 81.41, Franklin County, Ohio",6714,67.8,7.8
2365,1400000US39049008142,39049008142,"Census Tract 81.42, Franklin County, Ohio",5720,80.1,5.5
2366,1400000US39049008161,39049008161,"Census Tract 81.61, Franklin County, Ohio",5905,70.6,4.7
2367,1400000US39049008162,39049008162,"Census Tract 81.62, Franklin County, Ohio",6844,70.6,5.1
2368,1400000US39049008163,39049008163,"Census Tract 81.63, Franklin County, Ohio",2717,65.5,13.4
2369,1400000US39049008164,39049008164,"Census Tract 81.64, Franklin County, Ohio",3045,61.9,11.1
2370,1400000US39049008210,39049008210,"Census Tract 82.10, Franklin County, Ohio",1702,45.5,15.2
2371,1400000US39049008230,39049008230,"Census Tract 82.30, Franklin County, Ohio",1299,64.5,12.8
2372,1400000US39049008241,39049008241,"Census Tract 82.41, Franklin County, Ohio",1604,54.6,0.7
2373,1400000US39049008242,39049008242,"Census Tract 82.42, Franklin County, Ohio",4938,74.5,2.4
2374,1400000US39049008311,39049008311,"Census Tract 83.11, Franklin County, Ohio",3523,56.1,5.9
2375,1400000US39049008312,39049008312,"Census Tract 83.12, Franklin County, Ohio",3440,45.3,16.2
2376,1400000US39049008321,39049008321,"Census Tract 83.21, Franklin County, Ohio",2120,48.4,7.6
2377,1400000US39049008322,39049008322,"Census Tract 83.22, Franklin County, Ohio",3333,42.5,7.7
2378,1400000US39049008330,39049008330,"Census Tract 83.30, Franklin County, Ohio",1307,49.1,7.4
2379,1400000US39049008340,39049008340,"Census Tract 83.40, Franklin County, Ohio",4574,47.6,10.9
2380,1400000US39049008350,39049008350,"Census Tract 83.50, Franklin County, Ohio",5054,55.8,15.1
2381,1400000US39049008360,39049008360,"Census Tract 83.60, Franklin County, Ohio",5193,51.7,8.9
2382,1400000US39049008370,39049008370,"Census Tract 83.70, Franklin County, Ohio",6075,61.0,7.9
2383,1400000US39049008380,39049008380,"Census Tract 83.80, Franklin County, Ohio",4589,49.2,5.1
2384,1400000US39049008400,39049008400,"Census Tract 84, Franklin County, Ohio",2575,72.5,3.4
2385,1400000US39049008500,39049008500,"Census Tract 85, Franklin County, Ohio",3822,82.8,2.1
2386,1400000US39049008710,39049008710,"Census Tract 87.10, Franklin County, Ohio",2431,57.6,13.6
2387,1400000US39049008720,39049008720,"Census Tract 87.20, Franklin County, Ohio",2509,54.7,9.0
2388,1400000US39049008730,39049008730,"Census Tract 87.30, Franklin County, Ohio",1710,30.9,21.1
2389,1400000US39049008811,39049008811,"Census Tract 88.11, Franklin County, Ohio",1505,52.1,8.1
2390,1400000US39049008812,39049008812,"Census Tract 88.12, Franklin County, Ohio",2576,43.4,22.2
2391,1400000US39049008813,39049008813,"Census Tract 88.13, Franklin County, Ohio",2092,45.6,16.4
2392,1400000US39049008821,39049008821,"Census Tract 88.21, Franklin County, Ohio",2183,49.8,11.6
2393,1400000US39049008822,39049008822,"Census Tract 88.22, Franklin County, Ohio",3247,49.4,11.1
2394,1400000US39049008825,39049008825,"Census Tract 88.25, Franklin County, Ohio",5345,49.5,8.0
2395,1400000US39049008900,39049008900,"Census Tract 89, Franklin County, Ohio",4497,63.2,7.5
2396,1400000US39049009000,39049009000,"Census Tract 90, Franklin County, Ohio",2303,62.9,1.0
2397,1400000US39049009100,39049009100,"Census Tract 91, Franklin County, Ohio",3520,73.5,3.8
2398,1400000US39049009210,39049009210,"Census Tract 92.10, Franklin County, Ohio",3816,71.5,9.2
2399,1400000US39049009220,39049009220,"Census Tract 92.20, Franklin County, Ohio",1507,61.4,11.7
2400,1400000US39049009230,39049009230,"Census Tract 92.30, Franklin County, Ohio",3547,57.6,11.4
2401,1400000US39049009240,39049009240,"Census Tract 92.40, Franklin County, Ohio",1537,66.7,6.6
2402,1400000US39049009250,39049009250,"Census Tract 92.50, Franklin County, Ohio",1424,62.9,9.7
2403,1400000US39049009311,39049009311,"Census Tract 93.11, Franklin County, Ohio",2182,63.0,9.4
2404,1400000US39049009312,39049009312,"Census Tract 93.12, Franklin County, Ohio",2106,60.3,12.8
2405,1400000US39049009321,39049009321,"Census Tract 93.21, Franklin County, Ohio",1841,55.8,13.0
2406,1400000US39049009322,39049009322,"Census Tract 93.22, Franklin County, Ohio",2757,58.0,10.5
2407,1400000US39049009323,39049009323,"Census Tract 93.23, Franklin County, Ohio",2562,59.6,12.0
2408,1400000US39049009325,39049009325,"Census Tract 93.25, Franklin County, Ohio",3007,44.4,15.5
2409,1400000US39049009326,39049009326,"Census Tract 93.26, Franklin County, Ohio",1317,65.5,10.1
2410,1400000US39049009331,39049009331,"Census Tract 93.31, Franklin County, Ohio",790,43.2,27.1
2411,1400000US39049009332,39049009332,"Census Tract 93.32, Franklin County, Ohio",2648,50.6,8.5
2412,1400000US39049009333,39049009333,"Census Tract 93.33, Franklin County, Ohio",1841,57.5,9.5
2413,1400000US39049009334,39049009334,"Census Tract 93.34, Franklin County, Ohio",2190,57.7,9.1
2414,1400000US39049009336,39049009336,"Census Tract 93.36, Franklin County, Ohio",2370,79.7,4.3
2415,1400000US39049009337,39049009337,"Census Tract 93.37, Franklin County, Ohio",3165,62.2,13.3
2416,1400000US39049009340,39049009340,"Census Tract 93.40, Franklin County, Ohio",2118,55.1,15.1
2417,1400000US39049009350,39049009350,"Census Tract 93.50, Franklin County, Ohio",2237,70.2,8.6
2418,1400000US39049009361,39049009361,"Census Tract 93.61, Franklin County, Ohio",4663,53.5,9.5
2419,1400000US39049009362,39049009362,"Census Tract 93.62, Franklin County, Ohio",5932,50.9,9.2
2420,1400000US39049009371,39049009371,"Census Tract 93.71, Franklin County, Ohio",4586,61.4,12.1
2421,1400000US39049009372,39049009372,"Census Tract 93.72, Franklin County, Ohio",3307,63.4,8.1
2422,1400000US39049009373,39049009373,"Census Tract 93.73, Franklin County, Ohio",4389,57.9,14.0
2423,1400000US39049009374,39049009374,"Census Tract 93.74, Franklin County, Ohio",6742,66.4,8.3
2424,1400000US39049009381,39049009381,"Census Tract 93.81, Franklin County, Ohio",4646,66.4,8.9
2425,1400000US39049009382,39049009382,"Census Tract 93.82, Franklin County, Ohio",2360,57.0,10.1
2426,1400000US39049009383,39049009383,"Census Tract 93.83, Franklin County, Ohio",1968,61.9,7.3
2427,1400000US39049009384,39049009384,"Census Tract 93.84, Franklin County, Ohio",1862,50.9,13.7
2428,1400000US39049009385,39049009385,"Census Tract 93.85, Franklin County, Ohio",2863,69.7,2.3
2429,1400000US39049009386,39049009386,"Census Tract 93.86, Franklin County, Ohio",2320,65.8,6.6
2430,1400000US39049009390,39049009390,"Census Tract 93.90, Franklin County, Ohio",4558,73.4,4.8
2431,1400000US39049009410,39049009410,"Census Tract 94.10, Franklin County, Ohio",2150,50.7,13.0
2432,1400000US39049009420,39049009420,"Census Tract 94.20, Franklin County, Ohio",4424,61.2,7.5
2433,1400000US39049009430,39049009430,"Census Tract 94.30, Franklin County, Ohio",6274,65.1,12.1
2434,1400000US39049009440,39049009440,"Census Tract 94.40, Franklin County, Ohio",3574,67.9,4.7
2435,1400000US39049009450,39049009450,"Census Tract 94.50, Franklin County, Ohio",7139,65.5,4.3
2436,1400000US39049009495,39049009495,"Census Tract 94.95, Franklin County, Ohio",3891,64.4,9.3
2437,1400000US39049009497,39049009497,"Census Tract 94.97, Franklin County, Ohio",1463,56.6,1.3
2438,1400000US39049009520,39049009520,"Census Tract 95.20, Franklin County, Ohio",3194,58.8,14.4
2439,1400000US39049009590,39049009590,"Census Tract 95.90, Franklin County, Ohio",4328,52.4,12.1
2440,1400000US39049009600,39049009600,"Census Tract 96, Franklin County, Ohio",3208,59.7,6.2
2441,1400000US39049009711,39049009711,"Census Tract 97.11, Franklin County, Ohio",3507,58.8,5.8
2442,1400000US39049009712,39049009712,"Census Tract 97.12, Franklin County, Ohio",2237,60.3,5.0
2443,1400000US39049009720,39049009720,"Census Tract 97.20, Franklin County, Ohio",5180,62.6,4.1
2444,1400000US39049009740,39049009740,"Census Tract 97.40, Franklin County, Ohio",11792,68.0,2.7
2445,1400000US39049009751,39049009751,"Census Tract 97.51, Franklin County, Ohio",4195,67.6,2.8
2446,1400000US39049009752,39049009752,"Census Tract 97.52, Franklin County, Ohio",4857,70.6,4.0
2447,1400000US39049009800,39049009800,"Census Tract 98, Franklin County, Ohio",5605,57.5,10.5
2448,1400000US39049009900,39049009900,"Census Tract 99, Franklin County, Ohio",1221,80.2,3.7
2449,1400000US39049010000,39049010000,"Census Tract 100, Franklin County, Ohio",4211,74.7,2.8
2450,1400000US39049010100,39049010100,"Census Tract 101, Franklin County, Ohio",848,69.0,5.8
2451,1400000US39049010200,39049010200,"Census Tract 102, Franklin County, Ohio",12828,77.2,5.0
2452,1400000US39049010300,39049010300,"Census Tract 103, Franklin County, Ohio",1883,69.4,6.2
2453,1400000US39049010400,39049010400,"Census Tract 104, Franklin County, Ohio",5457,68.1,1.5
2454,1400000US39049010500,39049010500,"Census Tract 105, Franklin County, Ohio",6359,71.2,6.1
2455,1400000US39049010601,39049010601,"Census Tract 106.01, Franklin County, Ohio",3497,79.6,1.7
2456,1400000US39049010602,39049010602,"Census Tract 106.02, Franklin County, Ohio",5061,65.0,3.4
2457,1400000US39049010700,39049010700,"Census Tract 107, Franklin County, Ohio",1383,69.5,10.5
2458,1400000US39049980000,39049980000,"Census Tract 9800, Franklin County, Ohio",0,-,-
2459,1400000US39051040100,39051040100,"Census Tract 401, Fulton County, Ohio",2523,63.7,8.6
2460,1400000US39051040200,39051040200,"Census Tract 402, Fulton County, Ohio",3691,57.2,8.0
2461,1400000US39051040300,39051040300,"Census Tract 403, Fulton County, Ohio",3628,62.6,7.4
2462,1400000US39051040400,39051040400,"Census Tract 404, Fulton County, Ohio",3037,61.8,5.8
2463,1400000US39051040500,39051040500,"Census Tract 405, Fulton County, Ohio",4124,65.6,6.3
2464,1400000US39051040600,39051040600,"Census Tract 406, Fulton County, Ohio",3581,63.4,5.3
2465,1400000US39051040700,39051040700,"Census Tract 407, Fulton County, Ohio",5772,62.3,7.2
2466,1400000US39051040800,39051040800,"Census Tract 408, Fulton County, Ohio",3584,65.8,6.5
2467,1400000US39051040900,39051040900,"Census Tract 409, Fulton County, Ohio",3330,62.6,4.9
2468,1400000US39053953500,39053953500,"Census Tract 9535, Gallia County, Ohio",3764,49.9,5.8
2469,1400000US39053953600,39053953600,"Census Tract 9536, Gallia County, Ohio",3136,50.4,6.9
2470,1400000US39053953700,39053953700,"Census Tract 9537, Gallia County, Ohio",3293,45.6,10.5
2471,1400000US39053953800,39053953800,"Census Tract 9538, Gallia County, Ohio",3093,48.2,6.6
2472,1400000US39053953900,39053953900,"Census Tract 9539, Gallia County, Ohio",5776,43.5,6.6
2473,1400000US39053954000,39053954000,"Census Tract 9540, Gallia County, Ohio",3076,46.1,10.0
2474,1400000US39053954100,39053954100,"Census Tract 9541, Gallia County, Ohio",2051,46.8,6.6
2475,1400000US39055310100,39055310100,"Census Tract 3101, Geauga County, Ohio",1799,63.0,5.8
2476,1400000US39055310200,39055310200,"Census Tract 3102, Geauga County, Ohio",1585,70.2,3.6
2477,1400000US39055310600,39055310600,"Census Tract 3106, Geauga County, Ohio",5425,65.5,3.8
2478,1400000US39055310700,39055310700,"Census Tract 3107, Geauga County, Ohio",3141,62.4,2.1
2479,1400000US39055310800,39055310800,"Census Tract 3108, Geauga County, Ohio",5425,57.9,1.4
2480,1400000US39055310900,39055310900,"Census Tract 3109, Geauga County, Ohio",2533,67.4,4.8
2481,1400000US39055311000,39055311000,"Census Tract 3110, Geauga County, Ohio",2429,66.0,4.2
2482,1400000US39055311300,39055311300,"Census Tract 3113, Geauga County, Ohio",3655,61.5,2.2
2483,1400000US39055311400,39055311400,"Census Tract 3114, Geauga County, Ohio",4644,59.3,3.2
2484,1400000US39055311500,39055311500,"Census Tract 3115, Geauga County, Ohio",4499,65.2,4.2
2485,1400000US39055311600,39055311600,"Census Tract 3116, Geauga County, Ohio",2904,65.2,5.0
2486,1400000US39055311700,39055311700,"Census Tract 3117, Geauga County, Ohio",3455,55.7,2.7
2487,1400000US39055311800,39055311800,"Census Tract 3118, Geauga County, Ohio",5771,63.7,6.1
2488,1400000US39055311900,39055311900,"Census Tract 3119, Geauga County, Ohio",5120,64.6,6.2
2489,1400000US39055312000,39055312000,"Census Tract 3120, Geauga County, Ohio",2213,67.4,3.8
2490,1400000US39055312100,39055312100,"Census Tract 3121, Geauga County, Ohio",2611,57.9,2.3
2491,1400000US39055312201,39055312201,"Census Tract 3122.01, Geauga County, Ohio",4263,64.6,5.0
2492,1400000US39055312202,39055312202,"Census Tract 3122.02, Geauga County, Ohio",3509,62.2,3.3
2493,1400000US39055312203,39055312203,"Census Tract 3122.03, Geauga County, Ohio",3599,69.4,4.7
2494,1400000US39055312300,39055312300,"Census Tract 3123, Geauga County, Ohio",3549,58.8,5.7
2495,1400000US39055312400,39055312400,"Census Tract 3124, Geauga County, Ohio",1672,63.8,5.9
2496,1400000US39057200101,39057200101,"Census Tract 2001.01, Greene County, Ohio",2100,60.7,7.3
2497,1400000US39057200103,39057200103,"Census Tract 2001.03, Greene County, Ohio",3092,60.2,7.6
2498,1400000US39057200104,39057200104,"Census Tract 2001.04, Greene County, Ohio",5830,51.3,13.0
2499,1400000US39057200300,39057200300,"Census Tract 2003, Greene County, Ohio",2792,54.8,10.0
2500,1400000US39057200400,39057200400,"Census Tract 2004, Greene County, Ohio",1786,56.4,17.1
2501,1400000US39057200500,39057200500,"Census Tract 2005, Greene County, Ohio",4349,57.7,10.4
2502,1400000US39057200600,39057200600,"Census Tract 2006, Greene County, Ohio",2921,47.6,12.0
2503,1400000US39057200700,39057200700,"Census Tract 2007, Greene County, Ohio",3330,58.1,15.3
2504,1400000US39057200900,39057200900,"Census Tract 2009, Greene County, Ohio",5074,60.0,3.1
2505,1400000US39057210100,39057210100,"Census Tract 2101, Greene County, Ohio",4423,61.2,8.3
2506,1400000US39057210200,39057210200,"Census Tract 2102, Greene County, Ohio",6572,61.3,5.7
2507,1400000US39057210300,39057210300,"Census Tract 2103, Greene County, Ohio",2723,61.1,3.2
2508,1400000US39057210401,39057210401,"Census Tract 2104.01, Greene County, Ohio",4380,55.4,5.3
2509,1400000US39057210402,39057210402,"Census Tract 2104.02, Greene County, Ohio",4238,58.1,4.0
2510,1400000US39057210500,39057210500,"Census Tract 2105, Greene County, Ohio",4732,55.7,1.4
2511,1400000US39057210601,39057210601,"Census Tract 2106.01, Greene County, Ohio",7192,57.0,3.4
2512,1400000US39057210602,39057210602,"Census Tract 2106.02, Greene County, Ohio",4588,58.9,7.4
2513,1400000US39057210603,39057210603,"Census Tract 2106.03, Greene County, Ohio",4634,64.8,3.2
2514,1400000US39057220100,39057220100,"Census Tract 2201, Greene County, Ohio",6227,66.5,4.5
2515,1400000US39057220200,39057220200,"Census Tract 2202, Greene County, Ohio",5932,67.6,4.3
2516,1400000US39057230100,39057230100,"Census Tract 2301, Greene County, Ohio",2260,58.1,6.7
2517,1400000US39057240100,39057240100,"Census Tract 2401, Greene County, Ohio",2744,55.2,4.3
2518,1400000US39057240200,39057240200,"Census Tract 2402, Greene County, Ohio",3660,54.0,6.8
2519,1400000US39057240301,39057240301,"Census Tract 2403.01, Greene County, Ohio",6447,57.7,11.4
2520,1400000US39057240302,39057240302,"Census Tract 2403.02, Greene County, Ohio",2850,42.4,15.6
2521,1400000US39057240500,39057240500,"Census Tract 2405, Greene County, Ohio",3743,49.5,6.2
2522,1400000US39057240600,39057240600,"Census Tract 2406, Greene County, Ohio",4476,41.4,24.6
2523,1400000US39057240700,39057240700,"Census Tract 2407, Greene County, Ohio",1721,55.5,6.1
2524,1400000US39057255000,39057255000,"Census Tract 2550, Greene County, Ohio",3075,54.7,7.4
2525,1400000US39057260100,39057260100,"Census Tract 2601, Greene County, Ohio",5791,55.7,7.1
2526,1400000US39057270100,39057270100,"Census Tract 2701, Greene County, Ohio",2855,58.2,10.2
2527,1400000US39057280101,39057280101,"Census Tract 2801.01, Greene County, Ohio",2194,56.7,4.9
2528,1400000US39057280102,39057280102,"Census Tract 2801.02, Greene County, Ohio",1804,61.5,5.5
2529,1400000US39057280200,39057280200,"Census Tract 2802, Greene County, Ohio",1223,61.0,6.0
2530,1400000US39057280300,39057280300,"Census Tract 2803, Greene County, Ohio",2040,30.6,5.7
2531,1400000US39059977100,39059977100,"Census Tract 9771, Guernsey County, Ohio",3533,47.2,9.7
2532,1400000US39059977200,39059977200,"Census Tract 9772, Guernsey County, Ohio",4147,50.9,13.3
2533,1400000US39059977300,39059977300,"Census Tract 9773, Guernsey County, Ohio",2723,43.4,16.2
2534,1400000US39059977400,39059977400,"Census Tract 9774, Guernsey County, Ohio",3141,55.8,7.7
2535,1400000US39059977500,39059977500,"Census Tract 9775, Guernsey County, Ohio",2411,54.9,8.9
2536,1400000US39059977600,39059977600,"Census Tract 9776, Guernsey County, Ohio",2474,47.0,14.5
2537,1400000US39059977700,39059977700,"Census Tract 9777, Guernsey County, Ohio",3032,55.6,5.5
2538,1400000US39059977800,39059977800,"Census Tract 9778, Guernsey County, Ohio",2745,58.7,10.4
2539,1400000US39059977900,39059977900,"Census Tract 9779, Guernsey County, Ohio",3522,47.4,20.1
2540,1400000US39059978000,39059978000,"Census Tract 9780, Guernsey County, Ohio",3726,57.6,10.1
2541,1400000US39061000200,39061000200,"Census Tract 2, Hamilton County, Ohio",746,53.1,23.1
2542,1400000US39061000700,39061000700,"Census Tract 7, Hamilton County, Ohio",1638,68.8,5.0
2543,1400000US39061000900,39061000900,"Census Tract 9, Hamilton County, Ohio",1275,51.8,17.0
2544,1400000US39061001000,39061001000,"Census Tract 10, Hamilton County, Ohio",1255,76.4,11.1
2545,1400000US39061001100,39061001100,"Census Tract 11, Hamilton County, Ohio",700,46.4,27.5
2546,1400000US39061001600,39061001600,"Census Tract 16, Hamilton County, Ohio",780,31.3,39.0
2547,1400000US39061001700,39061001700,"Census Tract 17, Hamilton County, Ohio",732,44.5,30.3
2548,1400000US39061001800,39061001800,"Census Tract 18, Hamilton County, Ohio",1440,63.3,9.8
2549,1400000US39061001900,39061001900,"Census Tract 19, Hamilton County, Ohio",1544,67.2,10.6
2550,1400000US39061002000,39061002000,"Census Tract 20, Hamilton County, Ohio",1613,69.7,6.0
2551,1400000US39061002200,39061002200,"Census Tract 22, Hamilton County, Ohio",1877,47.8,22.6
2552,1400000US39061002300,39061002300,"Census Tract 23, Hamilton County, Ohio",745,45.8,27.0
2553,1400000US39061002500,39061002500,"Census Tract 25, Hamilton County, Ohio",2412,65.2,4.3
2554,1400000US39061002600,39061002600,"Census Tract 26, Hamilton County, Ohio",3430,66.7,6.6
2555,1400000US39061002700,39061002700,"Census Tract 27, Hamilton County, Ohio",1517,64.7,14.1
2556,1400000US39061002800,39061002800,"Census Tract 28, Hamilton County, Ohio",1342,40.6,12.1
2557,1400000US39061002900,39061002900,"Census Tract 29, Hamilton County, Ohio",5152,57.8,12.6
2558,1400000US39061003000,39061003000,"Census Tract 30, Hamilton County, Ohio",4851,35.6,19.1
2559,1400000US39061003200,39061003200,"Census Tract 32, Hamilton County, Ohio",1463,59.4,4.2
2560,1400000US39061003300,39061003300,"Census Tract 33, Hamilton County, Ohio",1393,58.7,21.0
2561,1400000US39061003600,39061003600,"Census Tract 36, Hamilton County, Ohio",984,28.6,17.4
2562,1400000US39061003700,39061003700,"Census Tract 37, Hamilton County, Ohio",1384,25.3,33.8
2563,1400000US39061003800,39061003800,"Census Tract 38, Hamilton County, Ohio",1660,37.7,20.7
2564,1400000US39061003900,39061003900,"Census Tract 39, Hamilton County, Ohio",1407,43.6,10.9
2565,1400000US39061004000,39061004000,"Census Tract 40, Hamilton County, Ohio",1732,54.6,8.4
2566,1400000US39061004100,39061004100,"Census Tract 41, Hamilton County, Ohio",1283,51.7,15.9
2567,1400000US39061004200,39061004200,"Census Tract 42, Hamilton County, Ohio",1645,64.1,1.8
2568,1400000US39061004500,39061004500,"Census Tract 45, Hamilton County, Ohio",884,53.4,11.9
2569,1400000US39061004602,39061004602,"Census Tract 46.02, Hamilton County, Ohio",3618,61.2,7.4
2570,1400000US39061004603,39061004603,"Census Tract 46.03, Hamilton County, Ohio",2442,65.6,2.8
2571,1400000US39061004604,39061004604,"Census Tract 46.04, Hamilton County, Ohio",2515,66.3,6.2
2572,1400000US39061004605,39061004605,"Census Tract 46.05, Hamilton County, Ohio",2184,66.6,2.1
2573,1400000US39061004701,39061004701,"Census Tract 47.01, Hamilton County, Ohio",2526,73.7,3.9
2574,1400000US39061004702,39061004702,"Census Tract 47.02, Hamilton County, Ohio",598,55.9,15.9
2575,1400000US39061004800,39061004800,"Census Tract 48, Hamilton County, Ohio",2522,78.2,0.4
2576,1400000US39061004900,39061004900,"Census Tract 49, Hamilton County, Ohio",5414,75.3,4.1
2577,1400000US39061005000,39061005000,"Census Tract 50, Hamilton County, Ohio",4182,74.1,3.8
2578,1400000US39061005100,39061005100,"Census Tract 51, Hamilton County, Ohio",2031,71.2,2.4
2579,1400000US39061005200,39061005200,"Census Tract 52, Hamilton County, Ohio",3076,85.5,4.0
2580,1400000US39061005301,39061005301,"Census Tract 53.01, Hamilton County, Ohio",2720,73.0,3.0
2581,1400000US39061005302,39061005302,"Census Tract 53.02, Hamilton County, Ohio",2894,67.7,4.0
2582,1400000US39061005400,39061005400,"Census Tract 54, Hamilton County, Ohio",936,79.1,3.1
2583,1400000US39061005500,39061005500,"Census Tract 55, Hamilton County, Ohio",3264,57.8,7.1
2584,1400000US39061005600,39061005600,"Census Tract 56, Hamilton County, Ohio",4827,67.0,8.2
2585,1400000US39061005701,39061005701,"Census Tract 57.01, Hamilton County, Ohio",2436,67.9,8.2
2586,1400000US39061005702,39061005702,"Census Tract 57.02, Hamilton County, Ohio",3704,67.5,5.9
2587,1400000US39061005800,39061005800,"Census Tract 58, Hamilton County, Ohio",4097,57.1,4.7
2588,1400000US39061005900,39061005900,"Census Tract 59, Hamilton County, Ohio",945,69.8,10.4
2589,1400000US39061006000,39061006000,"Census Tract 60, Hamilton County, Ohio",4910,62.0,3.6
2590,1400000US39061006100,39061006100,"Census Tract 61, Hamilton County, Ohio",2187,49.4,9.8
2591,1400000US39061006300,39061006300,"Census Tract 63, Hamilton County, Ohio",2975,60.9,5.3
2592,1400000US39061006400,39061006400,"Census Tract 64, Hamilton County, Ohio",2505,43.4,19.7
2593,1400000US39061006500,39061006500,"Census Tract 65, Hamilton County, Ohio",4763,51.7,10.1
2594,1400000US39061006600,39061006600,"Census Tract 66, Hamilton County, Ohio",2001,48.9,13.9
2595,1400000US39061006800,39061006800,"Census Tract 68, Hamilton County, Ohio",2655,45.0,16.4
2596,1400000US39061006900,39061006900,"Census Tract 69, Hamilton County, Ohio",1998,44.5,19.2
2597,1400000US39061007000,39061007000,"Census Tract 70, Hamilton County, Ohio",2043,69.0,6.8
2598,1400000US39061007100,39061007100,"Census Tract 71, Hamilton County, Ohio",3003,67.3,2.0
2599,1400000US39061007200,39061007200,"Census Tract 72, Hamilton County, Ohio",1875,61.2,9.3
2600,1400000US39061007300,39061007300,"Census Tract 73, Hamilton County, Ohio",1508,67.4,10.4
2601,1400000US39061007400,39061007400,"Census Tract 74, Hamilton County, Ohio",1297,70.2,7.2
2602,1400000US39061007500,39061007500,"Census Tract 75, Hamilton County, Ohio",1689,59.6,14.2
2603,1400000US39061007700,39061007700,"Census Tract 77, Hamilton County, Ohio",1877,39.7,32.6
2604,1400000US39061007800,39061007800,"Census Tract 78, Hamilton County, Ohio",2074,61.2,13.6
2605,1400000US39061007900,39061007900,"Census Tract 79, Hamilton County, Ohio",1287,62.4,7.4
2606,1400000US39061008000,39061008000,"Census Tract 80, Hamilton County, Ohio",2687,42.0,27.7
2607,1400000US39061008100,39061008100,"Census Tract 81, Hamilton County, Ohio",2227,60.9,14.1
2608,1400000US39061008201,39061008201,"Census Tract 82.01, Hamilton County, Ohio",3140,62.5,6.2
2609,1400000US39061008202,39061008202,"Census Tract 82.02, Hamilton County, Ohio",3050,49.0,19.3
2610,1400000US39061008300,39061008300,"Census Tract 83, Hamilton County, Ohio",3339,59.6,14.4
2611,1400000US39061008400,39061008400,"Census Tract 84, Hamilton County, Ohio",1415,45.5,10.1
2612,1400000US39061008501,39061008501,"Census Tract 85.01, Hamilton County, Ohio",1850,51.7,20.9
2613,1400000US39061008502,39061008502,"Census Tract 85.02, Hamilton County, Ohio",820,25.0,53.6
2614,1400000US39061008601,39061008601,"Census Tract 86.01, Hamilton County, Ohio",1800,37.8,36.2
2615,1400000US39061008800,39061008800,"Census Tract 88, Hamilton County, Ohio",2463,44.1,27.5
2616,1400000US39061009200,39061009200,"Census Tract 92, Hamilton County, Ohio",2472,45.3,22.1
2617,1400000US39061009300,39061009300,"Census Tract 93, Hamilton County, Ohio",2255,46.8,22.0
2618,1400000US39061009400,39061009400,"Census Tract 94, Hamilton County, Ohio",1080,45.3,28.2
2619,1400000US39061009500,39061009500,"Census Tract 95, Hamilton County, Ohio",1916,58.0,12.0
2620,1400000US39061009600,39061009600,"Census Tract 96, Hamilton County, Ohio",3007,52.1,14.5
2621,1400000US39061009700,39061009700,"Census Tract 97, Hamilton County, Ohio",4155,48.9,19.0
2622,1400000US39061009800,39061009800,"Census Tract 98, Hamilton County, Ohio",1608,48.6,19.7
2623,1400000US39061009901,39061009901,"Census Tract 99.01, Hamilton County, Ohio",3383,64.2,8.9
2624,1400000US39061009902,39061009902,"Census Tract 99.02, Hamilton County, Ohio",2526,60.4,11.8
2625,1400000US39061010002,39061010002,"Census Tract 100.02, Hamilton County, Ohio",3870,50.1,24.3
2626,1400000US39061010003,39061010003,"Census Tract 100.03, Hamilton County, Ohio",3866,54.0,15.6
2627,1400000US39061010004,39061010004,"Census Tract 100.04, Hamilton County, Ohio",4125,62.0,19.2
2628,1400000US39061010005,39061010005,"Census Tract 100.05, Hamilton County, Ohio",1251,62.9,12.9
2629,1400000US39061010100,39061010100,"Census Tract 101, Hamilton County, Ohio",3738,57.0,14.8
2630,1400000US39061010201,39061010201,"Census Tract 102.01, Hamilton County, Ohio",4212,56.3,16.1
2631,1400000US39061010202,39061010202,"Census Tract 102.02, Hamilton County, Ohio",2006,65.3,13.6
2632,1400000US39061010300,39061010300,"Census Tract 103, Hamilton County, Ohio",1141,48.5,23.2
2633,1400000US39061010400,39061010400,"Census Tract 104, Hamilton County, Ohio",934,53.4,9.8
2634,1400000US39061010500,39061010500,"Census Tract 105, Hamilton County, Ohio",1059,52.7,11.8
2635,1400000US39061010600,39061010600,"Census Tract 106, Hamilton County, Ohio",1105,58.0,5.3
2636,1400000US39061010700,39061010700,"Census Tract 107, Hamilton County, Ohio",1317,70.5,9.1
2637,1400000US39061010800,39061010800,"Census Tract 108, Hamilton County, Ohio",669,72.3,8.2
2638,1400000US39061010900,39061010900,"Census Tract 109, Hamilton County, Ohio",2055,52.8,21.5
2639,1400000US39061011000,39061011000,"Census Tract 110, Hamilton County, Ohio",2050,51.2,12.4
2640,1400000US39061011100,39061011100,"Census Tract 111, Hamilton County, Ohio",2705,64.0,3.5
2641,1400000US39061020401,39061020401,"Census Tract 204.01, Hamilton County, Ohio",3808,58.7,9.7
2642,1400000US39061020403,39061020403,"Census Tract 204.03, Hamilton County, Ohio",4343,65.7,4.2
2643,1400000US39061020404,39061020404,"Census Tract 204.04, Hamilton County, Ohio",4246,60.8,8.2
2644,1400000US39061020501,39061020501,"Census Tract 205.01, Hamilton County, Ohio",1978,68.1,4.9
2645,1400000US39061020502,39061020502,"Census Tract 205.02, Hamilton County, Ohio",4245,63.3,3.4
2646,1400000US39061020504,39061020504,"Census Tract 205.04, Hamilton County, Ohio",2879,73.3,1.7
2647,1400000US39061020505,39061020505,"Census Tract 205.05, Hamilton County, Ohio",3794,63.4,8.9
2648,1400000US39061020601,39061020601,"Census Tract 206.01, Hamilton County, Ohio",5104,65.0,3.3
2649,1400000US39061020602,39061020602,"Census Tract 206.02, Hamilton County, Ohio",5869,64.1,2.9
2650,1400000US39061020701,39061020701,"Census Tract 207.01, Hamilton County, Ohio",5793,61.0,4.0
2651,1400000US39061020705,39061020705,"Census Tract 207.05, Hamilton County, Ohio",2586,65.6,13.6
2652,1400000US39061020707,39061020707,"Census Tract 207.07, Hamilton County, Ohio",3962,60.8,3.1
2653,1400000US39061020741,39061020741,"Census Tract 207.41, Hamilton County, Ohio",2522,58.4,13.6
2654,1400000US39061020742,39061020742,"Census Tract 207.42, Hamilton County, Ohio",3228,69.2,7.4
2655,1400000US39061020761,39061020761,"Census Tract 207.61, Hamilton County, Ohio",5389,58.5,9.7
2656,1400000US39061020762,39061020762,"Census Tract 207.62, Hamilton County, Ohio",2376,58.8,10.3
2657,1400000US39061020802,39061020802,"Census Tract 208.02, Hamilton County, Ohio",4679,64.3,7.2
2658,1400000US39061020811,39061020811,"Census Tract 208.11, Hamilton County, Ohio",5089,71.3,3.9
2659,1400000US39061020812,39061020812,"Census Tract 208.12, Hamilton County, Ohio",3469,56.2,5.3
2660,1400000US39061020901,39061020901,"Census Tract 209.01, Hamilton County, Ohio",3018,55.8,10.9
2661,1400000US39061020902,39061020902,"Census Tract 209.02, Hamilton County, Ohio",4330,60.2,13.1
2662,1400000US39061021001,39061021001,"Census Tract 210.01, Hamilton County, Ohio",2413,61.8,5.7
2663,1400000US39061021002,39061021002,"Census Tract 210.02, Hamilton County, Ohio",2847,61.1,3.4
2664,1400000US39061021003,39061021003,"Census Tract 210.03, Hamilton County, Ohio",2306,66.0,5.3
2665,1400000US39061021101,39061021101,"Census Tract 211.01, Hamilton County, Ohio",3935,68.7,2.9
2666,1400000US39061021102,39061021102,"Census Tract 211.02, Hamilton County, Ohio",4978,64.9,3.5
2667,1400000US39061021201,39061021201,"Census Tract 212.01, Hamilton County, Ohio",1653,63.2,4.8
2668,1400000US39061021202,39061021202,"Census Tract 212.02, Hamilton County, Ohio",4171,61.6,4.5
2669,1400000US39061021302,39061021302,"Census Tract 213.02, Hamilton County, Ohio",4740,58.6,6.9
2670,1400000US39061021303,39061021303,"Census Tract 213.03, Hamilton County, Ohio",3708,66.2,4.2
2671,1400000US39061021304,39061021304,"Census Tract 213.04, Hamilton County, Ohio",4252,56.1,5.7
2672,1400000US39061021401,39061021401,"Census Tract 214.01, Hamilton County, Ohio",3840,59.1,12.0
2673,1400000US39061021421,39061021421,"Census Tract 214.21, Hamilton County, Ohio",3543,71.3,5.4
2674,1400000US39061021422,39061021422,"Census Tract 214.22, Hamilton County, Ohio",2351,61.0,13.3
2675,1400000US39061021501,39061021501,"Census Tract 215.01, Hamilton County, Ohio",3580,56.7,5.4
2676,1400000US39061021504,39061021504,"Census Tract 215.04, Hamilton County, Ohio",4747,65.5,6.8
2677,1400000US39061021505,39061021505,"Census Tract 215.05, Hamilton County, Ohio",2176,55.9,6.7
2678,1400000US39061021506,39061021506,"Census Tract 215.06, Hamilton County, Ohio",2451,57.4,7.4
2679,1400000US39061021508,39061021508,"Census Tract 215.08, Hamilton County, Ohio",4438,69.2,3.7
2680,1400000US39061021509,39061021509,"Census Tract 215.09, Hamilton County, Ohio",5004,53.3,16.6
2681,1400000US39061021571,39061021571,"Census Tract 215.71, Hamilton County, Ohio",2710,59.8,9.7
2682,1400000US39061021572,39061021572,"Census Tract 215.72, Hamilton County, Ohio",4736,69.2,9.6
2683,1400000US39061021602,39061021602,"Census Tract 216.02, Hamilton County, Ohio",2331,41.8,25.7
2684,1400000US39061021603,39061021603,"Census Tract 216.03, Hamilton County, Ohio",2677,61.5,8.8
2685,1400000US39061021604,39061021604,"Census Tract 216.04, Hamilton County, Ohio",2682,51.1,15.5
2686,1400000US39061021701,39061021701,"Census Tract 217.01, Hamilton County, Ohio",2320,59.1,4.9
2687,1400000US39061021702,39061021702,"Census Tract 217.02, Hamilton County, Ohio",3089,54.5,14.8
2688,1400000US39061021801,39061021801,"Census Tract 218.01, Hamilton County, Ohio",5023,59.6,10.5
2689,1400000US39061021802,39061021802,"Census Tract 218.02, Hamilton County, Ohio",2471,69.3,9.8
2690,1400000US39061021900,39061021900,"Census Tract 219, Hamilton County, Ohio",1108,42.0,14.0
2691,1400000US39061022000,39061022000,"Census Tract 220, Hamilton County, Ohio",3001,65.5,6.6
2692,1400000US39061022101,39061022101,"Census Tract 221.01, Hamilton County, Ohio",3314,60.3,7.6
2693,1400000US39061022102,39061022102,"Census Tract 221.02, Hamilton County, Ohio",5166,65.1,8.9
2694,1400000US39061022200,39061022200,"Census Tract 222, Hamilton County, Ohio",3668,62.8,3.3
2695,1400000US39061022301,39061022301,"Census Tract 223.01, Hamilton County, Ohio",4367,57.9,8.1
2696,1400000US39061022302,39061022302,"Census Tract 223.02, Hamilton County, Ohio",4624,56.5,7.3
2697,1400000US39061022400,39061022400,"Census Tract 224, Hamilton County, Ohio",1736,65.0,3.9
2698,1400000US39061022500,39061022500,"Census Tract 225, Hamilton County, Ohio",3203,60.0,8.7
2699,1400000US39061022601,39061022601,"Census Tract 226.01, Hamilton County, Ohio",4721,64.1,2.5
2700,1400000US39061022602,39061022602,"Census Tract 226.02, Hamilton County, Ohio",1912,68.7,5.5
2701,1400000US39061022700,39061022700,"Census Tract 227, Hamilton County, Ohio",2778,39.0,31.4
2702,1400000US39061023001,39061023001,"Census Tract 230.01, Hamilton County, Ohio",3773,60.7,4.5
2703,1400000US39061023002,39061023002,"Census Tract 230.02, Hamilton County, Ohio",3982,60.6,8.1
2704,1400000US39061023100,39061023100,"Census Tract 231, Hamilton County, Ohio",2290,63.0,2.6
2705,1400000US39061023201,39061023201,"Census Tract 232.01, Hamilton County, Ohio",2263,51.6,15.6
2706,1400000US39061023210,39061023210,"Census Tract 232.10, Hamilton County, Ohio",4277,64.9,6.5
2707,1400000US39061023222,39061023222,"Census Tract 232.22, Hamilton County, Ohio",2482,55.6,7.8
2708,1400000US39061023300,39061023300,"Census Tract 233, Hamilton County, Ohio",2984,65.1,3.0
2709,1400000US39061023400,39061023400,"Census Tract 234, Hamilton County, Ohio",2810,65.3,3.7
2710,1400000US39061023501,39061023501,"Census Tract 235.01, Hamilton County, Ohio",3430,62.3,5.4
2711,1400000US39061023521,39061023521,"Census Tract 235.21, Hamilton County, Ohio",1944,63.7,3.6
2712,1400000US39061023522,39061023522,"Census Tract 235.22, Hamilton County, Ohio",4974,63.1,4.5
2713,1400000US39061023600,39061023600,"Census Tract 236, Hamilton County, Ohio",3236,62.9,6.0
2714,1400000US39061023701,39061023701,"Census Tract 237.01, Hamilton County, Ohio",2390,63.3,4.0
2715,1400000US39061023702,39061023702,"Census Tract 237.02, Hamilton County, Ohio",2285,71.6,5.7
2716,1400000US39061023800,39061023800,"Census Tract 238, Hamilton County, Ohio",4212,61.5,7.3
2717,1400000US39061023901,39061023901,"Census Tract 239.01, Hamilton County, Ohio",3609,55.4,5.0
2718,1400000US39061023902,39061023902,"Census Tract 239.02, Hamilton County, Ohio",3799,59.3,2.9
2719,1400000US39061024001,39061024001,"Census Tract 240.01, Hamilton County, Ohio",4083,65.2,5.6
2720,1400000US39061024002,39061024002,"Census Tract 240.02, Hamilton County, Ohio",2116,48.6,5.1
2721,1400000US39061024100,39061024100,"Census Tract 241, Hamilton County, Ohio",5263,66.0,2.6
2722,1400000US39061024200,39061024200,"Census Tract 242, Hamilton County, Ohio",2057,50.2,6.1
2723,1400000US39061024301,39061024301,"Census Tract 243.01, Hamilton County, Ohio",2963,70.1,5.9
2724,1400000US39061024303,39061024303,"Census Tract 243.03, Hamilton County, Ohio",5173,66.6,4.0
2725,1400000US39061024321,39061024321,"Census Tract 243.21, Hamilton County, Ohio",6192,68.2,3.7
2726,1400000US39061024322,39061024322,"Census Tract 243.22, Hamilton County, Ohio",6256,65.5,3.7
2727,1400000US39061024400,39061024400,"Census Tract 244, Hamilton County, Ohio",6182,50.7,1.7
2728,1400000US39061024700,39061024700,"Census Tract 247, Hamilton County, Ohio",1281,67.8,5.0
2729,1400000US39061024800,39061024800,"Census Tract 248, Hamilton County, Ohio",2473,70.6,4.1
2730,1400000US39061024901,39061024901,"Census Tract 249.01, Hamilton County, Ohio",959,58.9,6.3
2731,1400000US39061024902,39061024902,"Census Tract 249.02, Hamilton County, Ohio",5789,66.4,4.8
2732,1400000US39061025001,39061025001,"Census Tract 250.01, Hamilton County, Ohio",4846,60.3,5.8
2733,1400000US39061025002,39061025002,"Census Tract 250.02, Hamilton County, Ohio",5106,65.6,6.2
2734,1400000US39061025101,39061025101,"Census Tract 251.01, Hamilton County, Ohio",3706,63.1,4.9
2735,1400000US39061025102,39061025102,"Census Tract 251.02, Hamilton County, Ohio",5801,62.2,5.4
2736,1400000US39061025103,39061025103,"Census Tract 251.03, Hamilton County, Ohio",5309,56.1,5.6
2737,1400000US39061025104,39061025104,"Census Tract 251.04, Hamilton County, Ohio",1570,55.0,4.6
2738,1400000US39061025200,39061025200,"Census Tract 252, Hamilton County, Ohio",3260,58.7,9.3
2739,1400000US39061025300,39061025300,"Census Tract 253, Hamilton County, Ohio",2565,62.3,12.2
2740,1400000US39061025401,39061025401,"Census Tract 254.01, Hamilton County, Ohio",1547,60.8,4.1
2741,1400000US39061025402,39061025402,"Census Tract 254.02, Hamilton County, Ohio",2452,69.2,4.9
2742,1400000US39061025500,39061025500,"Census Tract 255, Hamilton County, Ohio",3656,60.5,8.3
2743,1400000US39061025600,39061025600,"Census Tract 256, Hamilton County, Ohio",2775,67.0,6.9
2744,1400000US39061025700,39061025700,"Census Tract 257, Hamilton County, Ohio",1613,36.0,29.3
2745,1400000US39061025800,39061025800,"Census Tract 258, Hamilton County, Ohio",3401,59.0,9.5
2746,1400000US39061026001,39061026001,"Census Tract 260.01, Hamilton County, Ohio",4053,68.8,4.2
2747,1400000US39061026002,39061026002,"Census Tract 260.02, Hamilton County, Ohio",3940,63.6,6.1
2748,1400000US39061026101,39061026101,"Census Tract 261.01, Hamilton County, Ohio",5927,67.5,5.7
2749,1400000US39061026102,39061026102,"Census Tract 261.02, Hamilton County, Ohio",2526,57.4,7.6
2750,1400000US39061026200,39061026200,"Census Tract 262, Hamilton County, Ohio",1211,45.2,11.5
2751,1400000US39061026300,39061026300,"Census Tract 263, Hamilton County, Ohio",692,34.5,42.8
2752,1400000US39061026400,39061026400,"Census Tract 264, Hamilton County, Ohio",1671,51.8,11.0
2753,1400000US39061026500,39061026500,"Census Tract 265, Hamilton County, Ohio",2352,69.2,9.9
2754,1400000US39061026600,39061026600,"Census Tract 266, Hamilton County, Ohio",1257,61.6,9.8
2755,1400000US39061026700,39061026700,"Census Tract 267, Hamilton County, Ohio",1219,45.3,24.7
2756,1400000US39061026800,39061026800,"Census Tract 268, Hamilton County, Ohio",1521,78.6,1.3
2757,1400000US39061026900,39061026900,"Census Tract 269, Hamilton County, Ohio",1541,32.5,36.5
2758,1400000US39061027000,39061027000,"Census Tract 270, Hamilton County, Ohio",2746,33.6,32.5
2759,1400000US39061027100,39061027100,"Census Tract 271, Hamilton County, Ohio",3349,38.6,15.8
2760,1400000US39061027200,39061027200,"Census Tract 272, Hamilton County, Ohio",1802,36.5,26.5
2761,1400000US39061027300,39061027300,"Census Tract 273, Hamilton County, Ohio",1922,60.7,5.0
2762,1400000US39061027400,39061027400,"Census Tract 274, Hamilton County, Ohio",3384,63.0,11.3
2763,1400000US39063000100,39063000100,"Census Tract 1, Hancock County, Ohio",3242,56.1,4.5
2764,1400000US39063000200,39063000200,"Census Tract 2, Hancock County, Ohio",4653,61.1,4.0
2765,1400000US39063000300,39063000300,"Census Tract 3, Hancock County, Ohio",6591,67.4,3.2
2766,1400000US39063000400,39063000400,"Census Tract 4, Hancock County, Ohio",5821,64.1,5.7
2767,1400000US39063000500,39063000500,"Census Tract 5, Hancock County, Ohio",4086,56.5,14.1
2768,1400000US39063000600,39063000600,"Census Tract 6, Hancock County, Ohio",5697,59.6,7.1
2769,1400000US39063000700,39063000700,"Census Tract 7, Hancock County, Ohio",4724,58.1,5.4
2770,1400000US39063000800,39063000800,"Census Tract 8, Hancock County, Ohio",2746,63.4,9.4
2771,1400000US39063000900,39063000900,"Census Tract 9, Hancock County, Ohio",5529,55.8,11.5
2772,1400000US39063001000,39063001000,"Census Tract 10, Hancock County, Ohio",5332,73.3,7.0
2773,1400000US39063001100,39063001100,"Census Tract 11, Hancock County, Ohio",3258,62.6,7.3
2774,1400000US39063001200,39063001200,"Census Tract 12, Hancock County, Ohio",4425,65.0,5.9
2775,1400000US39063001300,39063001300,"Census Tract 13, Hancock County, Ohio",4215,62.8,6.9
2776,1400000US39065000100,39065000100,"Census Tract 1, Hardin County, Ohio",2621,60.8,9.3
2777,1400000US39065000200,39065000200,"Census Tract 2, Hardin County, Ohio",3620,59.4,12.1
2778,1400000US39065000300,39065000300,"Census Tract 3, Hardin County, Ohio",2996,58.8,5.9
2779,1400000US39065000400,39065000400,"Census Tract 4, Hardin County, Ohio",5743,52.2,9.1
2780,1400000US39065000500,39065000500,"Census Tract 5, Hardin County, Ohio",3204,52.8,6.6
2781,1400000US39065000600,39065000600,"Census Tract 6, Hardin County, Ohio",3049,48.0,18.4
2782,1400000US39065000700,39065000700,"Census Tract 7, Hardin County, Ohio",4069,53.3,6.2
2783,1400000US39067975600,39067975600,"Census Tract 9756, Harrison County, Ohio",3215,52.0,6.3
2784,1400000US39067975700,39067975700,"Census Tract 9757, Harrison County, Ohio",3062,48.4,4.7
2785,1400000US39067975800,39067975800,"Census Tract 9758, Harrison County, Ohio",1964,54.4,5.3
2786,1400000US39067975900,39067975900,"Census Tract 9759, Harrison County, Ohio",1687,56.6,3.9
2787,1400000US39067976000,39067976000,"Census Tract 9760, Harrison County, Ohio",2819,55.4,7.0
2788,1400000US39069000100,39069000100,"Census Tract 1, Henry County, Ohio",3593,64.7,6.0
2789,1400000US39069000200,39069000200,"Census Tract 2, Henry County, Ohio",2979,68.6,2.9
2790,1400000US39069000300,39069000300,"Census Tract 3, Henry County, Ohio",4014,59.4,4.5
2791,1400000US39069000400,39069000400,"Census Tract 4, Henry County, Ohio",2921,56.8,10.8
2792,1400000US39069000500,39069000500,"Census Tract 5, Henry County, Ohio",2568,62.2,8.5
2793,1400000US39069000600,39069000600,"Census Tract 6, Henry County, Ohio",2773,56.2,11.3
2794,1400000US39069000700,39069000700,"Census Tract 7, Henry County, Ohio",3274,57.0,5.1
2795,1400000US39071954400,39071954400,"Census Tract 9544, Highland County, Ohio",3039,49.8,9.5
2796,1400000US39071954500,39071954500,"Census Tract 9545, Highland County, Ohio",3232,46.9,16.9
2797,1400000US39071954600,39071954600,"Census Tract 9546, Highland County, Ohio",4305,58.4,11.6
2798,1400000US39071954700,39071954700,"Census Tract 9547, Highland County, Ohio",4477,61.4,9.1
2799,1400000US39071954800,39071954800,"Census Tract 9548, Highland County, Ohio",3391,46.7,14.1
2800,1400000US39071954900,39071954900,"Census Tract 9549, Highland County, Ohio",3179,44.6,10.1
2801,1400000US39071955000,39071955000,"Census Tract 9550, Highland County, Ohio",3341,36.5,16.4
2802,1400000US39071955100,39071955100,"Census Tract 9551, Highland County, Ohio",4881,50.3,9.6
2803,1400000US39071955200,39071955200,"Census Tract 9552, Highland County, Ohio",3850,51.9,10.1
2804,1400000US39073964900,39073964900,"Census Tract 9649, Hocking County, Ohio",3497,60.5,8.1
2805,1400000US39073965000,39073965000,"Census Tract 9650, Hocking County, Ohio",2514,44.9,12.1
2806,1400000US39073965100,39073965100,"Census Tract 9651, Hocking County, Ohio",3938,58.9,9.8
2807,1400000US39073965200,39073965200,"Census Tract 9652, Hocking County, Ohio",3552,50.1,6.2
2808,1400000US39073965300,39073965300,"Census Tract 9653, Hocking County, Ohio",2742,56.5,8.6
2809,1400000US39073965400,39073965400,"Census Tract 9654, Hocking County, Ohio",3497,50.9,12.0
2810,1400000US39073965500,39073965500,"Census Tract 9655, Hocking County, Ohio",3423,44.6,10.6
2811,1400000US39075976301,39075976301,"Census Tract 9763.01, Holmes County, Ohio",2923,66.0,1.4
2812,1400000US39075976302,39075976302,"Census Tract 9763.02, Holmes County, Ohio",3986,59.0,1.7
2813,1400000US39075976400,39075976400,"Census Tract 9764, Holmes County, Ohio",6562,62.5,3.9
2814,1400000US39075976500,39075976500,"Census Tract 9765, Holmes County, Ohio",4132,63.6,4.4
2815,1400000US39075976600,39075976600,"Census Tract 9766, Holmes County, Ohio",3692,57.2,9.3
2816,1400000US39075976700,39075976700,"Census Tract 9767, Holmes County, Ohio",3250,60.8,10.5
2817,1400000US39075976801,39075976801,"Census Tract 9768.01, Holmes County, Ohio",3297,64.2,1.4
2818,1400000US39075976802,39075976802,"Census Tract 9768.02, Holmes County, Ohio",2872,69.5,0.5
2819,1400000US39077915400,39077915400,"Census Tract 9154, Huron County, Ohio",3973,64.4,4.5
2820,1400000US39077915500,39077915500,"Census Tract 9155, Huron County, Ohio",4547,56.9,8.8
2821,1400000US39077915600,39077915600,"Census Tract 9156, Huron County, Ohio",3625,61.7,4.8
2822,1400000US39077915700,39077915700,"Census Tract 9157, Huron County, Ohio",3361,58.5,10.7
2823,1400000US39077915800,39077915800,"Census Tract 9158, Huron County, Ohio",3630,52.2,9.5
2824,1400000US39077915900,39077915900,"Census Tract 9159, Huron County, Ohio",3320,68.5,4.3
2825,1400000US39077916000,39077916000,"Census Tract 9160, Huron County, Ohio",3028,67.5,6.9
2826,1400000US39077916100,39077916100,"Census Tract 9161, Huron County, Ohio",2877,55.0,4.2
2827,1400000US39077916200,39077916200,"Census Tract 9162, Huron County, Ohio",3610,55.6,11.2
2828,1400000US39077916300,39077916300,"Census Tract 9163, Huron County, Ohio",2800,50.1,4.8
2829,1400000US39077916400,39077916400,"Census Tract 9164, Huron County, Ohio",4026,55.9,8.5
2830,1400000US39077916500,39077916500,"Census Tract 9165, Huron County, Ohio",3780,61.2,5.9
2831,1400000US39077916600,39077916600,"Census Tract 9166, Huron County, Ohio",3085,60.8,8.1
2832,1400000US39079957200,39079957200,"Census Tract 9572, Jackson County, Ohio",4219,52.9,12.0
2833,1400000US39079957300,39079957300,"Census Tract 9573, Jackson County, Ohio",2672,49.3,10.6
2834,1400000US39079957400,39079957400,"Census Tract 9574, Jackson County, Ohio",3722,45.4,8.1
2835,1400000US39079957500,39079957500,"Census Tract 9575, Jackson County, Ohio",4791,51.4,6.9
2836,1400000US39079957600,39079957600,"Census Tract 9576, Jackson County, Ohio",2226,49.6,14.2
2837,1400000US39079957700,39079957700,"Census Tract 9577, Jackson County, Ohio",4025,51.4,18.1
2838,1400000US39079957800,39079957800,"Census Tract 9578, Jackson County, Ohio",4273,54.2,11.0
2839,1400000US39081000200,39081000200,"Census Tract 2, Jefferson County, Ohio",2799,35.2,11.1
2840,1400000US39081000400,39081000400,"Census Tract 4, Jefferson County, Ohio",2590,39.2,11.0
2841,1400000US39081000600,39081000600,"Census Tract 6, Jefferson County, Ohio",1950,52.0,5.7
2842,1400000US39081000800,39081000800,"Census Tract 8, Jefferson County, Ohio",623,40.0,12.6
2843,1400000US39081001000,39081001000,"Census Tract 10, Jefferson County, Ohio",2279,51.5,3.7
2844,1400000US39081001200,39081001200,"Census Tract 12, Jefferson County, Ohio",4290,49.3,10.8
2845,1400000US39081001300,39081001300,"Census Tract 13, Jefferson County, Ohio",1090,35.9,13.3
2846,1400000US39081001400,39081001400,"Census Tract 14, Jefferson County, Ohio",3084,50.9,11.2
2847,1400000US39081001700,39081001700,"Census Tract 17, Jefferson County, Ohio",1449,40.6,19.8
2848,1400000US39081011000,39081011000,"Census Tract 110, Jefferson County, Ohio",1286,49.8,7.8
2849,1400000US39081011100,39081011100,"Census Tract 111, Jefferson County, Ohio",2610,59.1,4.5
2850,1400000US39081011200,39081011200,"Census Tract 112, Jefferson County, Ohio",1651,44.0,15.3
2851,1400000US39081011300,39081011300,"Census Tract 113, Jefferson County, Ohio",2211,60.6,7.6
2852,1400000US39081011401,39081011401,"Census Tract 114.01, Jefferson County, Ohio",3335,50.6,9.5
2853,1400000US39081011402,39081011402,"Census Tract 114.02, Jefferson County, Ohio",3280,50.2,9.6
2854,1400000US39081011500,39081011500,"Census Tract 115, Jefferson County, Ohio",4058,52.7,7.6
2855,1400000US39081011700,39081011700,"Census Tract 117, Jefferson County, Ohio",3568,57.0,5.2
2856,1400000US39081011800,39081011800,"Census Tract 118, Jefferson County, Ohio",2866,46.7,8.2
2857,1400000US39081011900,39081011900,"Census Tract 119, Jefferson County, Ohio",2955,46.7,10.6
2858,1400000US39081012000,39081012000,"Census Tract 120, Jefferson County, Ohio",2476,46.3,6.6
2859,1400000US39081012100,39081012100,"Census Tract 121, Jefferson County, Ohio",2361,54.8,5.3
2860,1400000US39081012200,39081012200,"Census Tract 122, Jefferson County, Ohio",1619,54.0,11.8
2861,1400000US39081012300,39081012300,"Census Tract 123, Jefferson County, Ohio",1879,52.0,7.1
2862,1400000US39083006700,39083006700,"Census Tract 67, Knox County, Ohio",3809,58.4,8.4
2863,1400000US39083006801,39083006801,"Census Tract 68.01, Knox County, Ohio",4491,58.9,5.1
2864,1400000US39083006802,39083006802,"Census Tract 68.02, Knox County, Ohio",3261,62.0,2.6
2865,1400000US39083006900,39083006900,"Census Tract 69, Knox County, Ohio",4644,62.3,6.7
2866,1400000US39083007000,39083007000,"Census Tract 70, Knox County, Ohio",2408,58.6,6.6
2867,1400000US39083007100,39083007100,"Census Tract 71, Knox County, Ohio",3041,53.9,12.2
2868,1400000US39083007200,39083007200,"Census Tract 72, Knox County, Ohio",3969,50.0,9.2
2869,1400000US39083007300,39083007300,"Census Tract 73, Knox County, Ohio",5886,46.6,5.2
2870,1400000US39083007400,39083007400,"Census Tract 74, Knox County, Ohio",4375,67.2,5.3
2871,1400000US39083007500,39083007500,"Census Tract 75, Knox County, Ohio",3651,58.3,5.5
2872,1400000US39083007600,39083007600,"Census Tract 76, Knox County, Ohio",3899,61.1,7.5
2873,1400000US39083007700,39083007700,"Census Tract 77, Knox County, Ohio",4839,65.3,6.8
2874,1400000US39085200100,39085200100,"Census Tract 2001, Lake County, Ohio",1456,63.5,6.6
2875,1400000US39085200200,39085200200,"Census Tract 2002, Lake County, Ohio",2059,61.9,11.7
2876,1400000US39085200300,39085200300,"Census Tract 2003, Lake County, Ohio",2490,59.0,5.8
2877,1400000US39085200400,39085200400,"Census Tract 2004, Lake County, Ohio",2790,65.2,3.4
2878,1400000US39085200500,39085200500,"Census Tract 2005, Lake County, Ohio",2522,67.2,8.0
2879,1400000US39085200600,39085200600,"Census Tract 2006, Lake County, Ohio",2842,60.7,5.9
2880,1400000US39085200700,39085200700,"Census Tract 2007, Lake County, Ohio",3132,63.0,5.8
2881,1400000US39085200800,39085200800,"Census Tract 2008, Lake County, Ohio",2977,62.6,6.8
2882,1400000US39085200900,39085200900,"Census Tract 2009, Lake County, Ohio",1415,58.0,6.3
2883,1400000US39085201000,39085201000,"Census Tract 2010, Lake County, Ohio",4158,60.1,5.7
2884,1400000US39085201100,39085201100,"Census Tract 2011, Lake County, Ohio",3938,65.4,5.6
2885,1400000US39085201200,39085201200,"Census Tract 2012, Lake County, Ohio",3139,59.4,5.7
2886,1400000US39085201300,39085201300,"Census Tract 2013, Lake County, Ohio",3026,45.2,7.8
2887,1400000US39085201400,39085201400,"Census Tract 2014, Lake County, Ohio",3117,66.4,6.0
2888,1400000US39085201500,39085201500,"Census Tract 2015, Lake County, Ohio",1545,67.6,4.4
2889,1400000US39085201600,39085201600,"Census Tract 2016, Lake County, Ohio",3055,72.0,3.0
2890,1400000US39085201700,39085201700,"Census Tract 2017, Lake County, Ohio",4880,67.8,8.9
2891,1400000US39085201800,39085201800,"Census Tract 2018, Lake County, Ohio",2981,66.1,2.9
2892,1400000US39085201900,39085201900,"Census Tract 2019, Lake County, Ohio",2387,60.9,4.8
2893,1400000US39085202000,39085202000,"Census Tract 2020, Lake County, Ohio",5004,66.9,5.3
2894,1400000US39085202100,39085202100,"Census Tract 2021, Lake County, Ohio",1771,64.2,6.3
2895,1400000US39085202400,39085202400,"Census Tract 2024, Lake County, Ohio",2585,64.7,9.9
2896,1400000US39085202500,39085202500,"Census Tract 2025, Lake County, Ohio",3707,66.0,7.0
2897,1400000US39085202600,39085202600,"Census Tract 2026, Lake County, Ohio",3070,67.1,5.9
2898,1400000US39085202700,39085202700,"Census Tract 2027, Lake County, Ohio",4847,58.3,8.4
2899,1400000US39085202800,39085202800,"Census Tract 2028, Lake County, Ohio",5158,66.0,4.5
2900,1400000US39085202900,39085202900,"Census Tract 2029, Lake County, Ohio",5672,68.5,3.2
2901,1400000US39085203000,39085203000,"Census Tract 2030, Lake County, Ohio",5492,68.2,1.8
2902,1400000US39085203200,39085203200,"Census Tract 2032, Lake County, Ohio",3024,63.7,5.6
2903,1400000US39085203400,39085203400,"Census Tract 2034, Lake County, Ohio",3593,63.8,6.3
2904,1400000US39085203500,39085203500,"Census Tract 2035, Lake County, Ohio",5794,68.3,3.7
2905,1400000US39085203700,39085203700,"Census Tract 2037, Lake County, Ohio",2818,59.0,2.2
2906,1400000US39085204000,39085204000,"Census Tract 2040, Lake County, Ohio",2507,55.0,14.4
2907,1400000US39085204200,39085204200,"Census Tract 2042, Lake County, Ohio",3016,58.3,12.9
2908,1400000US39085204301,39085204301,"Census Tract 2043.01, Lake County, Ohio",1374,78.8,8.1
2909,1400000US39085204302,39085204302,"Census Tract 2043.02, Lake County, Ohio",5150,56.7,4.9
2910,1400000US39085204400,39085204400,"Census Tract 2044, Lake County, Ohio",2480,66.8,3.3
2911,1400000US39085204500,39085204500,"Census Tract 2045, Lake County, Ohio",2975,46.8,11.3
2912,1400000US39085204700,39085204700,"Census Tract 2047, Lake County, Ohio",3743,61.9,3.2
2913,1400000US39085204800,39085204800,"Census Tract 2048, Lake County, Ohio",3968,64.5,8.4
2914,1400000US39085204900,39085204900,"Census Tract 2049, Lake County, Ohio",4708,69.3,8.2
2915,1400000US39085205001,39085205001,"Census Tract 2050.01, Lake County, Ohio",4927,62.8,4.4
2916,1400000US39085205002,39085205002,"Census Tract 2050.02, Lake County, Ohio",4768,62.1,4.3
2917,1400000US39085205100,39085205100,"Census Tract 2051, Lake County, Ohio",5168,65.7,4.1
2918,1400000US39085205200,39085205200,"Census Tract 2052, Lake County, Ohio",2660,65.6,3.1
2919,1400000US39085205300,39085205300,"Census Tract 2053, Lake County, Ohio",1965,65.4,2.7
2920,1400000US39085205400,39085205400,"Census Tract 2054, Lake County, Ohio",1250,56.4,8.1
2921,1400000US39085205701,39085205701,"Census Tract 2057.01, Lake County, Ohio",3681,54.6,12.2
2922,1400000US39085205702,39085205702,"Census Tract 2057.02, Lake County, Ohio",2309,62.6,7.6
2923,1400000US39085205800,39085205800,"Census Tract 2058, Lake County, Ohio",1093,65.0,7.1
2924,1400000US39085205900,39085205900,"Census Tract 2059, Lake County, Ohio",817,49.7,5.6
2925,1400000US39085206000,39085206000,"Census Tract 2060, Lake County, Ohio",4324,60.1,6.1
2926,1400000US39085206100,39085206100,"Census Tract 2061, Lake County, Ohio",2457,60.9,3.3
2927,1400000US39085206200,39085206200,"Census Tract 2062, Lake County, Ohio",1228,64.2,9.4
2928,1400000US39085206300,39085206300,"Census Tract 2063, Lake County, Ohio",3821,60.0,6.4
2929,1400000US39085206400,39085206400,"Census Tract 2064, Lake County, Ohio",3795,60.4,5.6
2930,1400000US39085206500,39085206500,"Census Tract 2065, Lake County, Ohio",2415,53.4,3.0
2931,1400000US39085206600,39085206600,"Census Tract 2066, Lake County, Ohio",3847,58.9,10.4
2932,1400000US39085990000,39085990000,"Census Tract 9900, Lake County, Ohio",0,-,-
2933,1400000US39087050100,39087050100,"Census Tract 501, Lawrence County, Ohio",2064,45.2,7.5
2934,1400000US39087050200,39087050200,"Census Tract 502, Lawrence County, Ohio",1983,56.4,6.5
2935,1400000US39087050300,39087050300,"Census Tract 503, Lawrence County, Ohio",1883,46.5,4.9
2936,1400000US39087050400,39087050400,"Census Tract 504, Lawrence County, Ohio",2391,45.4,13.0
2937,1400000US39087050500,39087050500,"Census Tract 505, Lawrence County, Ohio",5307,47.6,8.8
2938,1400000US39087050600,39087050600,"Census Tract 506, Lawrence County, Ohio",1119,46.7,9.8
2939,1400000US39087050700,39087050700,"Census Tract 507, Lawrence County, Ohio",3066,47.1,12.8
2940,1400000US39087050800,39087050800,"Census Tract 508, Lawrence County, Ohio",2801,42.1,8.0
2941,1400000US39087050900,39087050900,"Census Tract 509, Lawrence County, Ohio",1929,45.9,6.3
2942,1400000US39087051001,39087051001,"Census Tract 510.01, Lawrence County, Ohio",3396,55.9,7.3
2943,1400000US39087051002,39087051002,"Census Tract 510.02, Lawrence County, Ohio",3597,42.4,13.5
2944,1400000US39087051100,39087051100,"Census Tract 511, Lawrence County, Ohio",5658,49.4,7.8
2945,1400000US39087051200,39087051200,"Census Tract 512, Lawrence County, Ohio",4149,53.8,4.2
2946,1400000US39087051300,39087051300,"Census Tract 513, Lawrence County, Ohio",2845,51.7,1.7
2947,1400000US39087051401,39087051401,"Census Tract 514.01, Lawrence County, Ohio",4415,55.7,8.9
2948,1400000US39087051402,39087051402,"Census Tract 514.02, Lawrence County, Ohio",2785,55.2,5.8
2949,1400000US39089750700,39089750700,"Census Tract 7507, Licking County, Ohio",2739,55.5,13.0
2950,1400000US39089751000,39089751000,"Census Tract 7510, Licking County, Ohio",1661,59.4,16.1
2951,1400000US39089751300,39089751300,"Census Tract 7513, Licking County, Ohio",2858,67.9,8.1
2952,1400000US39089751600,39089751600,"Census Tract 7516, Licking County, Ohio",2939,63.7,6.2
2953,1400000US39089751900,39089751900,"Census Tract 7519, Licking County, Ohio",3256,58.0,9.1
2954,1400000US39089752200,39089752200,"Census Tract 7522, Licking County, Ohio",3589,58.3,14.3
2955,1400000US39089752500,39089752500,"Census Tract 7525, Licking County, Ohio",3051,43.4,16.8
2956,1400000US39089752800,39089752800,"Census Tract 7528, Licking County, Ohio",5933,59.3,8.0
2957,1400000US39089753100,39089753100,"Census Tract 7531, Licking County, Ohio",4101,53.6,8.7
2958,1400000US39089753300,39089753300,"Census Tract 7533, Licking County, Ohio",6019,53.8,9.2
2959,1400000US39089753600,39089753600,"Census Tract 7536, Licking County, Ohio",1541,58.3,5.0
2960,1400000US39089753900,39089753900,"Census Tract 7539, Licking County, Ohio",4038,60.6,3.7
2961,1400000US39089754101,39089754101,"Census Tract 7541.01, Licking County, Ohio",5644,60.0,5.7
2962,1400000US39089754102,39089754102,"Census Tract 7541.02, Licking County, Ohio",1958,62.1,3.0
2963,1400000US39089754400,39089754400,"Census Tract 7544, Licking County, Ohio",5037,58.1,5.9
2964,1400000US39089754700,39089754700,"Census Tract 7547, Licking County, Ohio",5202,59.6,8.8
2965,1400000US39089755000,39089755000,"Census Tract 7550, Licking County, Ohio",5153,70.5,4.4
2966,1400000US39089755300,39089755300,"Census Tract 7553, Licking County, Ohio",5544,66.1,6.7
2967,1400000US39089755600,39089755600,"Census Tract 7556, Licking County, Ohio",4402,62.4,8.8
2968,1400000US39089755900,39089755900,"Census Tract 7559, Licking County, Ohio",5284,67.0,2.1
2969,1400000US39089756201,39089756201,"Census Tract 7562.01, Licking County, Ohio",1967,60.7,9.8
2970,1400000US39089756202,39089756202,"Census Tract 7562.02, Licking County, Ohio",5866,73.0,5.3
2971,1400000US39089756500,39089756500,"Census Tract 7565, Licking County, Ohio",3333,60.3,6.9
2972,1400000US39089756800,39089756800,"Census Tract 7568, Licking County, Ohio",6381,65.7,5.7
2973,1400000US39089757100,39089757100,"Census Tract 7571, Licking County, Ohio",3434,66.9,5.2
2974,1400000US39089757400,39089757400,"Census Tract 7574, Licking County, Ohio",4684,68.9,5.8
2975,1400000US39089757700,39089757700,"Census Tract 7577, Licking County, Ohio",6190,62.2,2.2
2976,1400000US39089758300,39089758300,"Census Tract 7583, Licking County, Ohio",2186,51.0,12.9
2977,1400000US39089758600,39089758600,"Census Tract 7586, Licking County, Ohio",6145,59.0,5.4
2978,1400000US39089758900,39089758900,"Census Tract 7589, Licking County, Ohio",4932,62.1,10.4
2979,1400000US39089759000,39089759000,"Census Tract 7590, Licking County, Ohio",2424,44.7,16.7
2980,1400000US39089759100,39089759100,"Census Tract 7591, Licking County, Ohio",5600,60.2,5.3
2981,1400000US39091003800,39091003800,"Census Tract 38, Logan County, Ohio",3214,65.2,8.3
2982,1400000US39091003900,39091003900,"Census Tract 39, Logan County, Ohio",3717,56.6,5.7
2983,1400000US39091004000,39091004000,"Census Tract 40, Logan County, Ohio",2330,44.6,8.3
2984,1400000US39091004100,39091004100,"Census Tract 41, Logan County, Ohio",2535,51.4,11.5
2985,1400000US39091004200,39091004200,"Census Tract 42, Logan County, Ohio",1162,52.8,11.1
2986,1400000US39091004300,39091004300,"Census Tract 43, Logan County, Ohio",4604,59.7,8.0
2987,1400000US39091004400,39091004400,"Census Tract 44, Logan County, Ohio",3724,50.5,13.4
2988,1400000US39091004500,39091004500,"Census Tract 45, Logan County, Ohio",3196,65.2,6.4
2989,1400000US39091004600,39091004600,"Census Tract 46, Logan County, Ohio",3945,61.1,8.0
2990,1400000US39091004700,39091004700,"Census Tract 47, Logan County, Ohio",4176,64.2,2.7
2991,1400000US39091004800,39091004800,"Census Tract 48, Logan County, Ohio",3163,57.2,5.5
2992,1400000US39093010200,39093010200,"Census Tract 102, Lorain County, Ohio",3256,67.8,3.6
2993,1400000US39093010300,39093010300,"Census Tract 103, Lorain County, Ohio",4178,58.7,3.9
2994,1400000US39093010400,39093010400,"Census Tract 104, Lorain County, Ohio",2339,64.1,3.6
2995,1400000US39093013100,39093013100,"Census Tract 131, Lorain County, Ohio",7608,59.0,6.7
2996,1400000US39093013200,39093013200,"Census Tract 132, Lorain County, Ohio",8763,68.2,6.1
2997,1400000US39093021100,39093021100,"Census Tract 211, Lorain County, Ohio",2634,67.8,5.3
2998,1400000US39093021200,39093021200,"Census Tract 212, Lorain County, Ohio",4769,63.0,6.7
2999,1400000US39093022100,39093022100,"Census Tract 221, Lorain County, Ohio",1600,59.0,9.8
3000,1400000US39093022200,39093022200,"Census Tract 222, Lorain County, Ohio",2043,62.6,10.9
3001,1400000US39093022400,39093022400,"Census Tract 224, Lorain County, Ohio",2801,48.7,19.0
3002,1400000US39093022500,39093022500,"Census Tract 225, Lorain County, Ohio",1137,50.5,12.9
3003,1400000US39093022601,39093022601,"Census Tract 226.01, Lorain County, Ohio",2082,43.9,15.4
3004,1400000US39093022800,39093022800,"Census Tract 228, Lorain County, Ohio",3048,56.2,10.9
3005,1400000US39093023000,39093023000,"Census Tract 230, Lorain County, Ohio",4257,43.6,26.5
3006,1400000US39093023100,39093023100,"Census Tract 231, Lorain County, Ohio",2485,46.3,18.5
3007,1400000US39093023200,39093023200,"Census Tract 232, Lorain County, Ohio",2237,56.4,20.3
3008,1400000US39093023300,39093023300,"Census Tract 233, Lorain County, Ohio",1901,52.7,12.9
3009,1400000US39093023400,39093023400,"Census Tract 234, Lorain County, Ohio",1798,52.8,8.3
3010,1400000US39093023500,39093023500,"Census Tract 235, Lorain County, Ohio",1597,48.0,6.8
3011,1400000US39093023600,39093023600,"Census Tract 236, Lorain County, Ohio",2157,54.3,12.8
3012,1400000US39093023700,39093023700,"Census Tract 237, Lorain County, Ohio",4629,44.7,22.1
3013,1400000US39093023800,39093023800,"Census Tract 238, Lorain County, Ohio",1201,46.5,9.3
3014,1400000US39093023900,39093023900,"Census Tract 239, Lorain County, Ohio",1258,47.1,19.3
3015,1400000US39093024000,39093024000,"Census Tract 240, Lorain County, Ohio",1481,57.1,8.8
3016,1400000US39093024100,39093024100,"Census Tract 241, Lorain County, Ohio",2579,48.0,16.5
3017,1400000US39093024200,39093024200,"Census Tract 242, Lorain County, Ohio",3482,58.7,7.2
3018,1400000US39093028100,39093028100,"Census Tract 281, Lorain County, Ohio",3337,67.5,4.0
3019,1400000US39093030100,39093030100,"Census Tract 301, Lorain County, Ohio",5463,50.6,9.2
3020,1400000US39093050100,39093050100,"Census Tract 501, Lorain County, Ohio",2720,60.3,8.2
3021,1400000US39093050200,39093050200,"Census Tract 502, Lorain County, Ohio",2907,55.2,8.2
3022,1400000US39093050300,39093050300,"Census Tract 503, Lorain County, Ohio",6278,62.5,6.2
3023,1400000US39093050400,39093050400,"Census Tract 504, Lorain County, Ohio",2033,63.2,5.3
3024,1400000US39093057100,39093057100,"Census Tract 571, Lorain County, Ohio",3085,56.7,9.0
3025,1400000US39093060100,39093060100,"Census Tract 601, Lorain County, Ohio",3214,49.1,10.9
3026,1400000US39093060200,39093060200,"Census Tract 602, Lorain County, Ohio",4654,52.2,6.8
3027,1400000US39093070101,39093070101,"Census Tract 701.01, Lorain County, Ohio",3084,58.3,1.6
3028,1400000US39093070102,39093070102,"Census Tract 701.02, Lorain County, Ohio",4741,62.4,7.5
3029,1400000US39093070200,39093070200,"Census Tract 702, Lorain County, Ohio",1606,62.5,7.7
3030,1400000US39093070300,39093070300,"Census Tract 703, Lorain County, Ohio",2549,56.4,7.9
3031,1400000US39093070400,39093070400,"Census Tract 704, Lorain County, Ohio",3622,54.3,13.2
3032,1400000US39093070500,39093070500,"Census Tract 705, Lorain County, Ohio",2438,55.6,16.6
3033,1400000US39093070600,39093070600,"Census Tract 706, Lorain County, Ohio",3649,60.5,11.1
3034,1400000US39093070700,39093070700,"Census Tract 707, Lorain County, Ohio",1862,59.9,14.9
3035,1400000US39093070800,39093070800,"Census Tract 708, Lorain County, Ohio",814,37.5,16.0
3036,1400000US39093070901,39093070901,"Census Tract 709.01, Lorain County, Ohio",1091,35.2,35.5
3037,1400000US39093070902,39093070902,"Census Tract 709.02, Lorain County, Ohio",2955,57.1,6.9
3038,1400000US39093071000,39093071000,"Census Tract 710, Lorain County, Ohio",1400,42.7,25.1
3039,1400000US39093071100,39093071100,"Census Tract 711, Lorain County, Ohio",3549,64.3,4.8
3040,1400000US39093071201,39093071201,"Census Tract 712.01, Lorain County, Ohio",3763,62.7,7.7
3041,1400000US39093071202,39093071202,"Census Tract 712.02, Lorain County, Ohio",3733,62.2,8.7
3042,1400000US39093071300,39093071300,"Census Tract 713, Lorain County, Ohio",3540,59.3,9.5
3043,1400000US39093071400,39093071400,"Census Tract 714, Lorain County, Ohio",2418,47.8,24.1
3044,1400000US39093071500,39093071500,"Census Tract 715, Lorain County, Ohio",1837,51.3,3.4
3045,1400000US39093077100,39093077100,"Census Tract 771, Lorain County, Ohio",2955,59.4,4.8
3046,1400000US39093080101,39093080101,"Census Tract 801.01, Lorain County, Ohio",1875,64.5,9.8
3047,1400000US39093080103,39093080103,"Census Tract 801.03, Lorain County, Ohio",3426,60.1,9.7
3048,1400000US39093080104,39093080104,"Census Tract 801.04, Lorain County, Ohio",2875,56.3,7.2
3049,1400000US39093080500,39093080500,"Census Tract 805, Lorain County, Ohio",4930,61.0,6.6
3050,1400000US39093080600,39093080600,"Census Tract 806, Lorain County, Ohio",4553,62.3,6.0
3051,1400000US39093080700,39093080700,"Census Tract 807, Lorain County, Ohio",6944,63.9,5.4
3052,1400000US39093090100,39093090100,"Census Tract 901, Lorain County, Ohio",2881,54.6,10.4
3053,1400000US39093090200,39093090200,"Census Tract 902, Lorain County, Ohio",3018,57.8,7.4
3054,1400000US39093091100,39093091100,"Census Tract 911, Lorain County, Ohio",2975,57.9,6.4
3055,1400000US39093091200,39093091200,"Census Tract 912, Lorain County, Ohio",3442,36.3,10.7
3056,1400000US39093092100,39093092100,"Census Tract 921, Lorain County, Ohio",2165,62.1,6.8
3057,1400000US39093093100,39093093100,"Census Tract 931, Lorain County, Ohio",2602,66.4,4.3
3058,1400000US39093094100,39093094100,"Census Tract 941, Lorain County, Ohio",6607,64.5,4.5
3059,1400000US39093095100,39093095100,"Census Tract 951, Lorain County, Ohio",6897,41.7,5.7
3060,1400000US39093096100,39093096100,"Census Tract 961, Lorain County, Ohio",4966,60.6,8.8
3061,1400000US39093097100,39093097100,"Census Tract 971, Lorain County, Ohio",2441,59.5,5.2
3062,1400000US39093097200,39093097200,"Census Tract 972, Lorain County, Ohio",6193,62.0,4.7
3063,1400000US39093097300,39093097300,"Census Tract 973, Lorain County, Ohio",2200,44.7,22.7
3064,1400000US39093097400,39093097400,"Census Tract 974, Lorain County, Ohio",8013,60.5,2.9
3065,1400000US39093990200,39093990200,"Census Tract 9902, Lorain County, Ohio",0,-,-
3066,1400000US39095000200,39095000200,"Census Tract 2, Lucas County, Ohio",3320,63.3,12.2
3067,1400000US39095000300,39095000300,"Census Tract 3, Lucas County, Ohio",3115,67.8,7.0
3068,1400000US39095000400,39095000400,"Census Tract 4, Lucas County, Ohio",2490,55.9,14.3
3069,1400000US39095000600,39095000600,"Census Tract 6, Lucas County, Ohio",3504,55.7,16.3
3070,1400000US39095000700,39095000700,"Census Tract 7, Lucas County, Ohio",3745,61.6,11.6
3071,1400000US39095000800,39095000800,"Census Tract 8, Lucas County, Ohio",850,48.6,23.5
3072,1400000US39095000900,39095000900,"Census Tract 9, Lucas County, Ohio",2044,46.2,23.4
3073,1400000US39095001000,39095001000,"Census Tract 10, Lucas County, Ohio",3261,50.1,24.2
3074,1400000US39095001100,39095001100,"Census Tract 11, Lucas County, Ohio",1845,44.8,23.2
3075,1400000US39095001201,39095001201,"Census Tract 12.01, Lucas County, Ohio",1939,52.4,14.4
3076,1400000US39095001202,39095001202,"Census Tract 12.02, Lucas County, Ohio",2408,12.9,42.3
3077,1400000US39095001301,39095001301,"Census Tract 13.01, Lucas County, Ohio",2287,59.2,7.0
3078,1400000US39095001302,39095001302,"Census Tract 13.02, Lucas County, Ohio",1773,66.3,11.9
3079,1400000US39095001303,39095001303,"Census Tract 13.03, Lucas County, Ohio",2266,65.8,8.7
3080,1400000US39095001400,39095001400,"Census Tract 14, Lucas County, Ohio",1271,39.7,26.3
3081,1400000US39095001500,39095001500,"Census Tract 15, Lucas County, Ohio",1043,46.7,17.7
3082,1400000US39095001600,39095001600,"Census Tract 16, Lucas County, Ohio",2225,56.7,11.7
3083,1400000US39095001700,39095001700,"Census Tract 17, Lucas County, Ohio",969,33.2,35.5
3084,1400000US39095001800,39095001800,"Census Tract 18, Lucas County, Ohio",1809,47.8,22.3
3085,1400000US39095001900,39095001900,"Census Tract 19, Lucas County, Ohio",919,46.1,18.0
3086,1400000US39095002000,39095002000,"Census Tract 20, Lucas County, Ohio",1316,39.7,16.2
3087,1400000US39095002100,39095002100,"Census Tract 21, Lucas County, Ohio",2438,54.1,16.2
3088,1400000US39095002200,39095002200,"Census Tract 22, Lucas County, Ohio",1062,35.9,34.4
3089,1400000US39095002300,39095002300,"Census Tract 23, Lucas County, Ohio",1252,36.1,21.3
3090,1400000US39095002401,39095002401,"Census Tract 24.01, Lucas County, Ohio",2948,55.5,12.6
3091,1400000US39095002402,39095002402,"Census Tract 24.02, Lucas County, Ohio",1216,40.5,23.6
3092,1400000US39095002500,39095002500,"Census Tract 25, Lucas County, Ohio",1415,34.3,30.9
3093,1400000US39095002600,39095002600,"Census Tract 26, Lucas County, Ohio",847,37.5,21.1
3094,1400000US39095002700,39095002700,"Census Tract 27, Lucas County, Ohio",930,33.7,29.5
3095,1400000US39095002800,39095002800,"Census Tract 28, Lucas County, Ohio",1400,31.1,18.2
3096,1400000US39095002900,39095002900,"Census Tract 29, Lucas County, Ohio",1217,31.1,41.1
3097,1400000US39095003000,39095003000,"Census Tract 30, Lucas County, Ohio",1472,32.5,18.4
3098,1400000US39095003100,39095003100,"Census Tract 31, Lucas County, Ohio",724,50.0,11.1
3099,1400000US39095003200,39095003200,"Census Tract 32, Lucas County, Ohio",997,40.0,34.8
3100,1400000US39095003300,39095003300,"Census Tract 33, Lucas County, Ohio",1224,30.7,25.1
3101,1400000US39095003400,39095003400,"Census Tract 34, Lucas County, Ohio",544,24.8,46.4
3102,1400000US39095003500,39095003500,"Census Tract 35, Lucas County, Ohio",1109,37.1,27.0
3103,1400000US39095003600,39095003600,"Census Tract 36, Lucas County, Ohio",912,36.6,21.2
3104,1400000US39095003700,39095003700,"Census Tract 37, Lucas County, Ohio",854,52.9,10.7
3105,1400000US39095003900,39095003900,"Census Tract 39, Lucas County, Ohio",3682,49.1,22.6
3106,1400000US39095004000,39095004000,"Census Tract 40, Lucas County, Ohio",1530,50.8,15.6
3107,1400000US39095004200,39095004200,"Census Tract 42, Lucas County, Ohio",1085,38.4,35.2
3108,1400000US39095004400,39095004400,"Census Tract 44, Lucas County, Ohio",2969,52.5,22.4
3109,1400000US39095004501,39095004501,"Census Tract 45.01, Lucas County, Ohio",2205,63.0,11.7
3110,1400000US39095004503,39095004503,"Census Tract 45.03, Lucas County, Ohio",2050,60.3,13.1
3111,1400000US39095004504,39095004504,"Census Tract 45.04, Lucas County, Ohio",2801,70.9,2.9
3112,1400000US39095004600,39095004600,"Census Tract 46, Lucas County, Ohio",2022,38.8,28.0
3113,1400000US39095004701,39095004701,"Census Tract 47.01, Lucas County, Ohio",2119,54.0,13.4
3114,1400000US39095004702,39095004702,"Census Tract 47.02, Lucas County, Ohio",2901,46.1,17.3
3115,1400000US39095004800,39095004800,"Census Tract 48, Lucas County, Ohio",2210,42.8,22.4
3116,1400000US39095004900,39095004900,"Census Tract 49, Lucas County, Ohio",2275,44.9,24.6
3117,1400000US39095005000,39095005000,"Census Tract 50, Lucas County, Ohio",1553,52.0,23.5
3118,1400000US39095005100,39095005100,"Census Tract 51, Lucas County, Ohio",2891,42.8,22.1
3119,1400000US39095005200,39095005200,"Census Tract 52, Lucas County, Ohio",2705,46.7,27.3
3120,1400000US39095005300,39095005300,"Census Tract 53, Lucas County, Ohio",1449,52.7,11.2
3121,1400000US39095005400,39095005400,"Census Tract 54, Lucas County, Ohio",2048,38.1,24.0
3122,1400000US39095005501,39095005501,"Census Tract 55.01, Lucas County, Ohio",2204,53.2,8.2
3123,1400000US39095005502,39095005502,"Census Tract 55.02, Lucas County, Ohio",2618,49.5,13.5
3124,1400000US39095005503,39095005503,"Census Tract 55.03, Lucas County, Ohio",1969,62.5,5.7
3125,1400000US39095005600,39095005600,"Census Tract 56, Lucas County, Ohio",4263,51.6,9.6
3126,1400000US39095005701,39095005701,"Census Tract 57.01, Lucas County, Ohio",3042,52.7,13.0
3127,1400000US39095005702,39095005702,"Census Tract 57.02, Lucas County, Ohio",4171,60.9,10.7
3128,1400000US39095005703,39095005703,"Census Tract 57.03, Lucas County, Ohio",2018,67.6,11.3
3129,1400000US39095005801,39095005801,"Census Tract 58.01, Lucas County, Ohio",2905,64.5,6.8
3130,1400000US39095005802,39095005802,"Census Tract 58.02, Lucas County, Ohio",3650,57.5,12.4
3131,1400000US39095005901,39095005901,"Census Tract 59.01, Lucas County, Ohio",2041,59.7,6.5
3132,1400000US39095005902,39095005902,"Census Tract 59.02, Lucas County, Ohio",3425,60.4,11.4
3133,1400000US39095006000,39095006000,"Census Tract 60, Lucas County, Ohio",2025,61.4,5.0
3134,1400000US39095006100,39095006100,"Census Tract 61, Lucas County, Ohio",2494,65.8,6.4
3135,1400000US39095006200,39095006200,"Census Tract 62, Lucas County, Ohio",2176,61.7,4.1
3136,1400000US39095006300,39095006300,"Census Tract 63, Lucas County, Ohio",2366,68.5,8.7
3137,1400000US39095006400,39095006400,"Census Tract 64, Lucas County, Ohio",1843,65.8,10.3
3138,1400000US39095006500,39095006500,"Census Tract 65, Lucas County, Ohio",2093,67.6,3.7
3139,1400000US39095006600,39095006600,"Census Tract 66, Lucas County, Ohio",2177,47.8,21.4
3140,1400000US39095006700,39095006700,"Census Tract 67, Lucas County, Ohio",1437,45.7,15.3
3141,1400000US39095006800,39095006800,"Census Tract 68, Lucas County, Ohio",3873,45.6,12.7
3142,1400000US39095006900,39095006900,"Census Tract 69, Lucas County, Ohio",2297,64.7,2.5
3143,1400000US39095007001,39095007001,"Census Tract 70.01, Lucas County, Ohio",3163,60.4,6.2
3144,1400000US39095007002,39095007002,"Census Tract 70.02, Lucas County, Ohio",1600,64.5,2.8
3145,1400000US39095007101,39095007101,"Census Tract 71.01, Lucas County, Ohio",3591,69.1,3.4
3146,1400000US39095007102,39095007102,"Census Tract 71.02, Lucas County, Ohio",2988,66.5,4.4
3147,1400000US39095007202,39095007202,"Census Tract 72.02, Lucas County, Ohio",3048,55.3,7.5
3148,1400000US39095007203,39095007203,"Census Tract 72.03, Lucas County, Ohio",3790,59.3,2.2
3149,1400000US39095007204,39095007204,"Census Tract 72.04, Lucas County, Ohio",3746,56.9,5.0
3150,1400000US39095007205,39095007205,"Census Tract 72.05, Lucas County, Ohio",4492,61.0,9.3
3151,1400000US39095007301,39095007301,"Census Tract 73.01, Lucas County, Ohio",3916,62.8,10.6
3152,1400000US39095007302,39095007302,"Census Tract 73.02, Lucas County, Ohio",2329,59.3,11.0
3153,1400000US39095007303,39095007303,"Census Tract 73.03, Lucas County, Ohio",3521,52.8,17.3
3154,1400000US39095007400,39095007400,"Census Tract 74, Lucas County, Ohio",4990,59.2,12.0
3155,1400000US39095007500,39095007500,"Census Tract 75, Lucas County, Ohio",3784,52.9,12.1
3156,1400000US39095007600,39095007600,"Census Tract 76, Lucas County, Ohio",3512,59.9,3.4
3157,1400000US39095007700,39095007700,"Census Tract 77, Lucas County, Ohio",3122,47.4,6.9
3158,1400000US39095007800,39095007800,"Census Tract 78, Lucas County, Ohio",3047,62.2,5.8
3159,1400000US39095007901,39095007901,"Census Tract 79.01, Lucas County, Ohio",1781,60.7,7.7
3160,1400000US39095007902,39095007902,"Census Tract 79.02, Lucas County, Ohio",4500,56.8,8.1
3161,1400000US39095008000,39095008000,"Census Tract 80, Lucas County, Ohio",3308,61.8,8.0
3162,1400000US39095008100,39095008100,"Census Tract 81, Lucas County, Ohio",3186,62.9,4.9
3163,1400000US39095008201,39095008201,"Census Tract 82.01, Lucas County, Ohio",3819,65.5,8.9
3164,1400000US39095008202,39095008202,"Census Tract 82.02, Lucas County, Ohio",4742,57.3,3.0
3165,1400000US39095008203,39095008203,"Census Tract 82.03, Lucas County, Ohio",6064,60.8,6.2
3166,1400000US39095008301,39095008301,"Census Tract 83.01, Lucas County, Ohio",4788,50.9,6.8
3167,1400000US39095008302,39095008302,"Census Tract 83.02, Lucas County, Ohio",1475,52.8,4.5
3168,1400000US39095008400,39095008400,"Census Tract 84, Lucas County, Ohio",3722,64.6,7.0
3169,1400000US39095008500,39095008500,"Census Tract 85, Lucas County, Ohio",3250,58.4,7.1
3170,1400000US39095008600,39095008600,"Census Tract 86, Lucas County, Ohio",4614,62.7,5.2
3171,1400000US39095008700,39095008700,"Census Tract 87, Lucas County, Ohio",6262,62.9,10.2
3172,1400000US39095008800,39095008800,"Census Tract 88, Lucas County, Ohio",6216,59.6,7.0
3173,1400000US39095008901,39095008901,"Census Tract 89.01, Lucas County, Ohio",4062,63.6,5.2
3174,1400000US39095008902,39095008902,"Census Tract 89.02, Lucas County, Ohio",4541,69.4,3.4
3175,1400000US39095009000,39095009000,"Census Tract 90, Lucas County, Ohio",9541,59.9,4.4
3176,1400000US39095009101,39095009101,"Census Tract 91.01, Lucas County, Ohio",3266,57.1,6.5
3177,1400000US39095009102,39095009102,"Census Tract 91.02, Lucas County, Ohio",4270,56.9,13.8
3178,1400000US39095009201,39095009201,"Census Tract 92.01, Lucas County, Ohio",6321,62.9,5.1
3179,1400000US39095009202,39095009202,"Census Tract 92.02, Lucas County, Ohio",5845,62.8,7.1
3180,1400000US39095009300,39095009300,"Census Tract 93, Lucas County, Ohio",1346,58.8,6.3
3181,1400000US39095009400,39095009400,"Census Tract 94, Lucas County, Ohio",1961,63.1,9.8
3182,1400000US39095009500,39095009500,"Census Tract 95, Lucas County, Ohio",2486,62.2,7.3
3183,1400000US39095009600,39095009600,"Census Tract 96, Lucas County, Ohio",2699,55.3,7.9
3184,1400000US39095009700,39095009700,"Census Tract 97, Lucas County, Ohio",2526,58.4,7.9
3185,1400000US39095009800,39095009800,"Census Tract 98, Lucas County, Ohio",3308,60.9,5.2
3186,1400000US39095009900,39095009900,"Census Tract 99, Lucas County, Ohio",3816,57.2,7.7
3187,1400000US39095010001,39095010001,"Census Tract 100.01, Lucas County, Ohio",3389,54.9,7.6
3188,1400000US39095010002,39095010002,"Census Tract 100.02, Lucas County, Ohio",2746,56.2,9.8
3189,1400000US39095010100,39095010100,"Census Tract 101, Lucas County, Ohio",3398,58.7,8.9
3190,1400000US39095010200,39095010200,"Census Tract 102, Lucas County, Ohio",2274,52.2,10.5
3191,1400000US39095010300,39095010300,"Census Tract 103, Lucas County, Ohio",1705,39.9,26.6
3192,1400000US39095010400,39095010400,"Census Tract 104, Lucas County, Ohio",3367,33.9,27.5
3193,1400000US39095990000,39095990000,"Census Tract 9900, Lucas County, Ohio",0,-,-
3194,1400000US39097040101,39097040101,"Census Tract 401.01, Madison County, Ohio",1729,59.9,7.0
3195,1400000US39097040102,39097040102,"Census Tract 401.02, Madison County, Ohio",3840,66.5,1.4
3196,1400000US39097040201,39097040201,"Census Tract 402.01, Madison County, Ohio",2438,65.8,4.5
3197,1400000US39097040202,39097040202,"Census Tract 402.02, Madison County, Ohio",2109,61.1,4.4
3198,1400000US39097040400,39097040400,"Census Tract 404, Madison County, Ohio",2233,55.9,4.9
3199,1400000US39097040500,39097040500,"Census Tract 405, Madison County, Ohio",3595,56.7,8.8
3200,1400000US39097040600,39097040600,"Census Tract 406, Madison County, Ohio",4415,58.4,5.7
3201,1400000US39097040700,39097040700,"Census Tract 407, Madison County, Ohio",2475,59.8,12.8
3202,1400000US39097041000,39097041000,"Census Tract 410, Madison County, Ohio",4775,0.4,0.0
3203,1400000US39097041100,39097041100,"Census Tract 411, Madison County, Ohio",3598,62.5,3.6
3204,1400000US39097041200,39097041200,"Census Tract 412, Madison County, Ohio",2451,59.8,8.2
3205,1400000US39097041300,39097041300,"Census Tract 413, Madison County, Ohio",1658,63.8,6.9
3206,1400000US39099800300,39099800300,"Census Tract 8003, Mahoning County, Ohio",1159,37.6,24.6
3207,1400000US39099800400,39099800400,"Census Tract 8004, Mahoning County, Ohio",825,37.6,8.8
3208,1400000US39099800500,39099800500,"Census Tract 8005, Mahoning County, Ohio",3243,17.7,27.9
3209,1400000US39099800600,39099800600,"Census Tract 8006, Mahoning County, Ohio",1027,31.3,29.3
3210,1400000US39099801000,39099801000,"Census Tract 8010, Mahoning County, Ohio",1101,40.4,25.1
3211,1400000US39099801100,39099801100,"Census Tract 8011, Mahoning County, Ohio",1929,39.9,25.5
3212,1400000US39099801200,39099801200,"Census Tract 8012, Mahoning County, Ohio",1337,47.3,20.1
3213,1400000US39099801300,39099801300,"Census Tract 8013, Mahoning County, Ohio",1814,49.8,19.9
3214,1400000US39099801400,39099801400,"Census Tract 8014, Mahoning County, Ohio",1960,56.5,4.8
3215,1400000US39099801500,39099801500,"Census Tract 8015, Mahoning County, Ohio",1596,52.6,13.2
3216,1400000US39099801600,39099801600,"Census Tract 8016, Mahoning County, Ohio",2155,39.7,26.7
3217,1400000US39099801700,39099801700,"Census Tract 8017, Mahoning County, Ohio",756,27.6,26.1
3218,1400000US39099802100,39099802100,"Census Tract 8021, Mahoning County, Ohio",793,27.0,26.0
3219,1400000US39099802300,39099802300,"Census Tract 8023, Mahoning County, Ohio",660,37.6,14.5
3220,1400000US39099802400,39099802400,"Census Tract 8024, Mahoning County, Ohio",1786,47.9,15.2
3221,1400000US39099802500,39099802500,"Census Tract 8025, Mahoning County, Ohio",1181,41.0,16.4
3222,1400000US39099802600,39099802600,"Census Tract 8026, Mahoning County, Ohio",1471,54.5,10.8
3223,1400000US39099802701,39099802701,"Census Tract 8027.01, Mahoning County, Ohio",2792,48.6,7.2
3224,1400000US39099802702,39099802702,"Census Tract 8027.02, Mahoning County, Ohio",2452,58.6,5.6
3225,1400000US39099802800,39099802800,"Census Tract 8028, Mahoning County, Ohio",2124,48.5,16.5
3226,1400000US39099802900,39099802900,"Census Tract 8029, Mahoning County, Ohio",1920,48.3,11.0
3227,1400000US39099803000,39099803000,"Census Tract 8030, Mahoning County, Ohio",1468,56.4,7.0
3228,1400000US39099804000,39099804000,"Census Tract 8040, Mahoning County, Ohio",2049,44.5,18.2
3229,1400000US39099804100,39099804100,"Census Tract 8041, Mahoning County, Ohio",1101,35.7,17.6
3230,1400000US39099804200,39099804200,"Census Tract 8042, Mahoning County, Ohio",1832,51.6,13.2
3231,1400000US39099804300,39099804300,"Census Tract 8043, Mahoning County, Ohio",756,47.5,19.5
3232,1400000US39099810100,39099810100,"Census Tract 8101, Mahoning County, Ohio",3275,46.2,9.3
3233,1400000US39099810200,39099810200,"Census Tract 8102, Mahoning County, Ohio",1933,41.1,25.9
3234,1400000US39099810300,39099810300,"Census Tract 8103, Mahoning County, Ohio",1340,38.3,32.3
3235,1400000US39099810600,39099810600,"Census Tract 8106, Mahoning County, Ohio",2349,56.0,15.6
3236,1400000US39099810700,39099810700,"Census Tract 8107, Mahoning County, Ohio",4454,51.4,9.6
3237,1400000US39099810800,39099810800,"Census Tract 8108, Mahoning County, Ohio",1875,57.6,12.2
3238,1400000US39099810900,39099810900,"Census Tract 8109, Mahoning County, Ohio",1884,56.1,13.1
3239,1400000US39099811001,39099811001,"Census Tract 8110.01, Mahoning County, Ohio",3265,60.9,3.5
3240,1400000US39099811002,39099811002,"Census Tract 8110.02, Mahoning County, Ohio",6267,58.6,4.9
3241,1400000US39099811100,39099811100,"Census Tract 8111, Mahoning County, Ohio",910,56.8,10.6
3242,1400000US39099811200,39099811200,"Census Tract 8112, Mahoning County, Ohio",1972,68.1,2.9
3243,1400000US39099811300,39099811300,"Census Tract 8113, Mahoning County, Ohio",5286,63.1,4.7
3244,1400000US39099811400,39099811400,"Census Tract 8114, Mahoning County, Ohio",2762,58.7,14.7
3245,1400000US39099811500,39099811500,"Census Tract 8115, Mahoning County, Ohio",4710,61.6,6.7
3246,1400000US39099811600,39099811600,"Census Tract 8116, Mahoning County, Ohio",3087,59.2,4.1
3247,1400000US39099811700,39099811700,"Census Tract 8117, Mahoning County, Ohio",2130,62.1,6.4
3248,1400000US39099811800,39099811800,"Census Tract 8118, Mahoning County, Ohio",1230,57.2,9.5
3249,1400000US39099811901,39099811901,"Census Tract 8119.01, Mahoning County, Ohio",3593,61.4,5.5
3250,1400000US39099811902,39099811902,"Census Tract 8119.02, Mahoning County, Ohio",2855,57.6,4.4
3251,1400000US39099812001,39099812001,"Census Tract 8120.01, Mahoning County, Ohio",4675,63.7,5.8
3252,1400000US39099812002,39099812002,"Census Tract 8120.02, Mahoning County, Ohio",3378,72.3,3.3
3253,1400000US39099812100,39099812100,"Census Tract 8121, Mahoning County, Ohio",7781,62.3,4.0
3254,1400000US39099812200,39099812200,"Census Tract 8122, Mahoning County, Ohio",5540,60.3,6.1
3255,1400000US39099812301,39099812301,"Census Tract 8123.01, Mahoning County, Ohio",3023,55.9,12.1
3256,1400000US39099812302,39099812302,"Census Tract 8123.02, Mahoning County, Ohio",4916,58.2,7.5
3257,1400000US39099812400,39099812400,"Census Tract 8124, Mahoning County, Ohio",2405,57.0,9.1
3258,1400000US39099812500,39099812500,"Census Tract 8125, Mahoning County, Ohio",4516,58.9,5.5
3259,1400000US39099812601,39099812601,"Census Tract 8126.01, Mahoning County, Ohio",3471,55.0,10.6
3260,1400000US39099812602,39099812602,"Census Tract 8126.02, Mahoning County, Ohio",4155,58.5,4.1
3261,1400000US39099812603,39099812603,"Census Tract 8126.03, Mahoning County, Ohio",7005,62.2,4.4
3262,1400000US39099812700,39099812700,"Census Tract 8127, Mahoning County, Ohio",1777,59.4,6.0
3263,1400000US39099812800,39099812800,"Census Tract 8128, Mahoning County, Ohio",2922,51.8,11.9
3264,1400000US39099812900,39099812900,"Census Tract 8129, Mahoning County, Ohio",3535,53.1,9.8
3265,1400000US39099813000,39099813000,"Census Tract 8130, Mahoning County, Ohio",3821,56.6,6.4
3266,1400000US39099813200,39099813200,"Census Tract 8132, Mahoning County, Ohio",3509,49.8,5.2
3267,1400000US39099813300,39099813300,"Census Tract 8133, Mahoning County, Ohio",2520,61.3,5.2
3268,1400000US39099813400,39099813400,"Census Tract 8134, Mahoning County, Ohio",2781,68.5,2.8
3269,1400000US39099813500,39099813500,"Census Tract 8135, Mahoning County, Ohio",5860,50.2,4.1
3270,1400000US39099813600,39099813600,"Census Tract 8136, Mahoning County, Ohio",6940,58.3,5.8
3271,1400000US39099813700,39099813700,"Census Tract 8137, Mahoning County, Ohio",2550,28.5,14.4
3272,1400000US39099813800,39099813800,"Census Tract 8138, Mahoning County, Ohio",2652,32.8,29.6
3273,1400000US39099813900,39099813900,"Census Tract 8139, Mahoning County, Ohio",1431,33.5,26.4
3274,1400000US39099814000,39099814000,"Census Tract 8140, Mahoning County, Ohio",2566,35.5,29.0
3275,1400000US39099814100,39099814100,"Census Tract 8141, Mahoning County, Ohio",1826,36.5,20.8
3276,1400000US39101000100,39101000100,"Census Tract 1, Marion County, Ohio",922,44.1,10.9
3277,1400000US39101000200,39101000200,"Census Tract 2, Marion County, Ohio",2624,41.6,22.8
3278,1400000US39101000300,39101000300,"Census Tract 3, Marion County, Ohio",1749,53.4,18.8
3279,1400000US39101000400,39101000400,"Census Tract 4, Marion County, Ohio",3004,52.3,6.7
3280,1400000US39101000501,39101000501,"Census Tract 5.01, Marion County, Ohio",1836,47.9,15.7
3281,1400000US39101000502,39101000502,"Census Tract 5.02, Marion County, Ohio",2009,50.3,11.9
3282,1400000US39101000600,39101000600,"Census Tract 6, Marion County, Ohio",4099,51.4,10.6
3283,1400000US39101000700,39101000700,"Census Tract 7, Marion County, Ohio",2042,64.5,5.7
3284,1400000US39101000800,39101000800,"Census Tract 8, Marion County, Ohio",1776,47.9,9.0
3285,1400000US39101000900,39101000900,"Census Tract 9, Marion County, Ohio",3165,42.3,20.2
3286,1400000US39101001000,39101001000,"Census Tract 10, Marion County, Ohio",2400,53.4,4.8
3287,1400000US39101001100,39101001100,"Census Tract 11, Marion County, Ohio",1750,55.8,10.7
3288,1400000US39101010100,39101010100,"Census Tract 101, Marion County, Ohio",4022,61.8,6.6
3289,1400000US39101010201,39101010201,"Census Tract 102.01, Marion County, Ohio",4088,58.6,3.5
3290,1400000US39101010202,39101010202,"Census Tract 102.02, Marion County, Ohio",5694,0.2,0.0
3291,1400000US39101010300,39101010300,"Census Tract 103, Marion County, Ohio",4016,48.8,7.9
3292,1400000US39101010400,39101010400,"Census Tract 104, Marion County, Ohio",3996,55.8,9.3
3293,1400000US39101010500,39101010500,"Census Tract 105, Marion County, Ohio",4413,62.5,4.6
3294,1400000US39103400100,39103400100,"Census Tract 4001, Medina County, Ohio",6146,64.8,5.8
3295,1400000US39103402000,39103402000,"Census Tract 4020, Medina County, Ohio",4512,60.6,4.7
3296,1400000US39103403001,39103403001,"Census Tract 4030.01, Medina County, Ohio",2846,69.6,1.5
3297,1400000US39103403002,39103403002,"Census Tract 4030.02, Medina County, Ohio",2456,65.8,5.2
3298,1400000US39103404000,39103404000,"Census Tract 4040, Medina County, Ohio",3472,62.6,3.5
3299,1400000US39103405000,39103405000,"Census Tract 4050, Medina County, Ohio",3701,61.8,3.7
3300,1400000US39103406000,39103406000,"Census Tract 4060, Medina County, Ohio",4251,64.4,2.1
3301,1400000US39103407000,39103407000,"Census Tract 4070, Medina County, Ohio",5028,62.2,6.2
3302,1400000US39103408001,39103408001,"Census Tract 4080.01, Medina County, Ohio",2377,69.6,4.5
3303,1400000US39103408002,39103408002,"Census Tract 4080.02, Medina County, Ohio",1559,48.5,5.3
3304,1400000US39103408003,39103408003,"Census Tract 4080.03, Medina County, Ohio",2468,56.2,5.7
3305,1400000US39103408100,39103408100,"Census Tract 4081, Medina County, Ohio",5414,59.5,6.1
3306,1400000US39103408201,39103408201,"Census Tract 4082.01, Medina County, Ohio",3153,64.4,5.8
3307,1400000US39103408202,39103408202,"Census Tract 4082.02, Medina County, Ohio",3936,72.5,2.9
3308,1400000US39103408301,39103408301,"Census Tract 4083.01, Medina County, Ohio",2737,75.1,3.7
3309,1400000US39103408302,39103408302,"Census Tract 4083.02, Medina County, Ohio",7425,67.2,4.6
3310,1400000US39103409001,39103409001,"Census Tract 4090.01, Medina County, Ohio",1829,60.0,8.2
3311,1400000US39103409002,39103409002,"Census Tract 4090.02, Medina County, Ohio",3755,61.8,4.2
3312,1400000US39103410000,39103410000,"Census Tract 4100, Medina County, Ohio",3041,59.0,7.2
3313,1400000US39103411001,39103411001,"Census Tract 4110.01, Medina County, Ohio",1497,60.8,8.2
3314,1400000US39103411002,39103411002,"Census Tract 4110.02, Medina County, Ohio",2393,58.6,8.1
3315,1400000US39103412000,39103412000,"Census Tract 4120, Medina County, Ohio",3630,64.5,3.9
3316,1400000US39103413000,39103413000,"Census Tract 4130, Medina County, Ohio",4718,58.5,4.6
3317,1400000US39103415100,39103415100,"Census Tract 4151, Medina County, Ohio",3241,71.3,4.4
3318,1400000US39103415200,39103415200,"Census Tract 4152, Medina County, Ohio",3365,63.7,5.9
3319,1400000US39103415300,39103415300,"Census Tract 4153, Medina County, Ohio",3497,66.6,6.1
3320,1400000US39103415400,39103415400,"Census Tract 4154, Medina County, Ohio",3819,64.2,6.4
3321,1400000US39103415800,39103415800,"Census Tract 4158, Medina County, Ohio",5375,71.1,3.5
3322,1400000US39103416000,39103416000,"Census Tract 4160, Medina County, Ohio",4548,72.1,2.0
3323,1400000US39103416100,39103416100,"Census Tract 4161, Medina County, Ohio",4094,68.2,5.4
3324,1400000US39103416200,39103416200,"Census Tract 4162, Medina County, Ohio",3061,59.6,7.4
3325,1400000US39103416300,39103416300,"Census Tract 4163, Medina County, Ohio",2153,67.7,6.8
3326,1400000US39103416400,39103416400,"Census Tract 4164, Medina County, Ohio",2752,65.8,5.0
3327,1400000US39103417000,39103417000,"Census Tract 4170, Medina County, Ohio",6141,61.3,4.6
3328,1400000US39103417100,39103417100,"Census Tract 4171, Medina County, Ohio",4959,63.6,4.1
3329,1400000US39103417200,39103417200,"Census Tract 4172, Medina County, Ohio",5337,65.2,5.7
3330,1400000US39103417300,39103417300,"Census Tract 4173, Medina County, Ohio",3391,61.5,8.5
3331,1400000US39105964100,39105964100,"Census Tract 9641, Meigs County, Ohio",3536,51.7,8.0
3332,1400000US39105964200,39105964200,"Census Tract 9642, Meigs County, Ohio",4044,46.4,11.4
3333,1400000US39105964300,39105964300,"Census Tract 9643, Meigs County, Ohio",3721,45.5,11.0
3334,1400000US39105964400,39105964400,"Census Tract 9644, Meigs County, Ohio",2513,37.6,25.2
3335,1400000US39105964500,39105964500,"Census Tract 9645, Meigs County, Ohio",2503,48.0,11.4
3336,1400000US39105964600,39105964600,"Census Tract 9646, Meigs County, Ohio",2574,47.7,9.0
3337,1400000US39107967200,39107967200,"Census Tract 9672, Mercer County, Ohio",2883,62.7,4.7
3338,1400000US39107967300,39107967300,"Census Tract 9673, Mercer County, Ohio",3343,71.9,3.0
3339,1400000US39107967400,39107967400,"Census Tract 9674, Mercer County, Ohio",3861,61.5,11.4
3340,1400000US39107967500,39107967500,"Census Tract 9675, Mercer County, Ohio",4063,61.2,5.3
3341,1400000US39107967600,39107967600,"Census Tract 9676, Mercer County, Ohio",2600,50.3,12.4
3342,1400000US39107967700,39107967700,"Census Tract 9677, Mercer County, Ohio",4805,63.1,4.8
3343,1400000US39107967800,39107967800,"Census Tract 9678, Mercer County, Ohio",1803,53.4,7.9
3344,1400000US39107967900,39107967900,"Census Tract 9679, Mercer County, Ohio",4713,71.7,1.8
3345,1400000US39107968000,39107968000,"Census Tract 9680, Mercer County, Ohio",3636,74.9,3.8
3346,1400000US39109300100,39109300100,"Census Tract 3001, Miami County, Ohio",3444,60.8,8.0
3347,1400000US39109315001,39109315001,"Census Tract 3150.01, Miami County, Ohio",3212,54.1,6.8
3348,1400000US39109315002,39109315002,"Census Tract 3150.02, Miami County, Ohio",3794,55.5,11.3
3349,1400000US39109315100,39109315100,"Census Tract 3151, Miami County, Ohio",4428,56.7,15.4
3350,1400000US39109315300,39109315300,"Census Tract 3153, Miami County, Ohio",3851,46.7,24.5
3351,1400000US39109320100,39109320100,"Census Tract 3201, Miami County, Ohio",2792,61.8,7.5
3352,1400000US39109325000,39109325000,"Census Tract 3250, Miami County, Ohio",2156,54.8,11.6
3353,1400000US39109330100,39109330100,"Census Tract 3301, Miami County, Ohio",2770,64.2,2.4
3354,1400000US39109340100,39109340100,"Census Tract 3401, Miami County, Ohio",4169,60.6,6.7
3355,1400000US39109345000,39109345000,"Census Tract 3450, Miami County, Ohio",4025,65.3,2.2
3356,1400000US39109350100,39109350100,"Census Tract 3501, Miami County, Ohio",6114,60.0,5.9
3357,1400000US39109355001,39109355001,"Census Tract 3550.01, Miami County, Ohio",4814,60.9,6.2
3358,1400000US39109355002,39109355002,"Census Tract 3550.02, Miami County, Ohio",1421,69.7,3.2
3359,1400000US39109365000,39109365000,"Census Tract 3650, Miami County, Ohio",7062,63.6,4.5
3360,1400000US39109365101,39109365101,"Census Tract 3651.01, Miami County, Ohio",3065,65.8,5.2
3361,1400000US39109365102,39109365102,"Census Tract 3651.02, Miami County, Ohio",4106,61.3,6.4
3362,1400000US39109365200,39109365200,"Census Tract 3652, Miami County, Ohio",2769,65.8,7.4
3363,1400000US39109365301,39109365301,"Census Tract 3653.01, Miami County, Ohio",4535,58.5,6.7
3364,1400000US39109365302,39109365302,"Census Tract 3653.02, Miami County, Ohio",4424,65.9,6.6
3365,1400000US39109380100,39109380100,"Census Tract 3801, Miami County, Ohio",5466,57.4,6.8
3366,1400000US39109390100,39109390100,"Census Tract 3901, Miami County, Ohio",3616,54.3,6.9
3367,1400000US39111966600,39111966600,"Census Tract 9666, Monroe County, Ohio",2720,47.6,8.7
3368,1400000US39111966700,39111966700,"Census Tract 9667, Monroe County, Ohio",2947,47.6,7.7
3369,1400000US39111966800,39111966800,"Census Tract 9668, Monroe County, Ohio",3421,44.2,8.1
3370,1400000US39111966900,39111966900,"Census Tract 9669, Monroe County, Ohio",2714,50.2,4.9
3371,1400000US39113000100,39113000100,"Census Tract 1, Montgomery County, Ohio",2359,40.6,21.9
3372,1400000US39113000200,39113000200,"Census Tract 2, Montgomery County, Ohio",1725,50.6,20.2
3373,1400000US39113000300,39113000300,"Census Tract 3, Montgomery County, Ohio",1393,47.4,18.8
3374,1400000US39113000400,39113000400,"Census Tract 4, Montgomery County, Ohio",3023,44.3,17.3
3375,1400000US39113000500,39113000500,"Census Tract 5, Montgomery County, Ohio",3313,52.6,10.5
3376,1400000US39113000600,39113000600,"Census Tract 6, Montgomery County, Ohio",1521,53.6,12.1
3377,1400000US39113000700,39113000700,"Census Tract 7, Montgomery County, Ohio",1688,34.2,30.5
3378,1400000US39113000801,39113000801,"Census Tract 8.01, Montgomery County, Ohio",2511,52.2,21.1
3379,1400000US39113000802,39113000802,"Census Tract 8.02, Montgomery County, Ohio",1675,56.2,16.6
3380,1400000US39113000900,39113000900,"Census Tract 9, Montgomery County, Ohio",1950,46.7,15.3
3381,1400000US39113001000,39113001000,"Census Tract 10, Montgomery County, Ohio",803,41.6,14.8
3382,1400000US39113001100,39113001100,"Census Tract 11, Montgomery County, Ohio",3175,52.4,16.5
3383,1400000US39113001200,39113001200,"Census Tract 12, Montgomery County, Ohio",827,38.8,18.3
3384,1400000US39113001501,39113001501,"Census Tract 15.01, Montgomery County, Ohio",3587,39.9,9.2
3385,1400000US39113001600,39113001600,"Census Tract 16, Montgomery County, Ohio",1783,48.0,19.2
3386,1400000US39113001700,39113001700,"Census Tract 17, Montgomery County, Ohio",659,39.5,22.6
3387,1400000US39113001800,39113001800,"Census Tract 18, Montgomery County, Ohio",4373,39.1,25.3
3388,1400000US39113001900,39113001900,"Census Tract 19, Montgomery County, Ohio",3404,47.7,14.3
3389,1400000US39113002000,39113002000,"Census Tract 20, Montgomery County, Ohio",2569,49.9,14.7
3390,1400000US39113002200,39113002200,"Census Tract 22, Montgomery County, Ohio",2242,36.7,19.9
3391,1400000US39113002300,39113002300,"Census Tract 23, Montgomery County, Ohio",2361,38.1,18.0
3392,1400000US39113002400,39113002400,"Census Tract 24, Montgomery County, Ohio",2004,56.2,12.8
3393,1400000US39113002500,39113002500,"Census Tract 25, Montgomery County, Ohio",4260,55.9,8.4
3394,1400000US39113002600,39113002600,"Census Tract 26, Montgomery County, Ohio",4381,53.5,13.9
3395,1400000US39113002700,39113002700,"Census Tract 27, Montgomery County, Ohio",1678,62.9,7.1
3396,1400000US39113002800,39113002800,"Census Tract 28, Montgomery County, Ohio",1808,55.1,12.2
3397,1400000US39113002900,39113002900,"Census Tract 29, Montgomery County, Ohio",3397,59.9,3.9
3398,1400000US39113003000,39113003000,"Census Tract 30, Montgomery County, Ohio",2617,57.2,9.5
3399,1400000US39113003100,39113003100,"Census Tract 31, Montgomery County, Ohio",2166,52.9,9.8
3400,1400000US39113003201,39113003201,"Census Tract 32.01, Montgomery County, Ohio",2823,66.6,8.2
3401,1400000US39113003300,39113003300,"Census Tract 33, Montgomery County, Ohio",3621,66.0,7.8
3402,1400000US39113003402,39113003402,"Census Tract 34.02, Montgomery County, Ohio",6706,47.8,7.4
3403,1400000US39113003403,39113003403,"Census Tract 34.03, Montgomery County, Ohio",3641,35.6,18.2
3404,1400000US39113003404,39113003404,"Census Tract 34.04, Montgomery County, Ohio",1647,56.3,11.9
3405,1400000US39113003500,39113003500,"Census Tract 35, Montgomery County, Ohio",1920,29.8,31.8
3406,1400000US39113003800,39113003800,"Census Tract 38, Montgomery County, Ohio",2381,33.8,21.1
3407,1400000US39113003900,39113003900,"Census Tract 39, Montgomery County, Ohio",1897,40.5,13.0
3408,1400000US39113004100,39113004100,"Census Tract 41, Montgomery County, Ohio",1583,41.6,30.0
3409,1400000US39113004200,39113004200,"Census Tract 42, Montgomery County, Ohio",1788,38.5,36.1
3410,1400000US39113004300,39113004300,"Census Tract 43, Montgomery County, Ohio",1427,49.4,20.6
3411,1400000US39113004400,39113004400,"Census Tract 44, Montgomery County, Ohio",1700,32.5,17.5
3412,1400000US39113004600,39113004600,"Census Tract 46, Montgomery County, Ohio",1506,28.4,30.3
3413,1400000US39113010100,39113010100,"Census Tract 101, Montgomery County, Ohio",1615,61.4,1.6
3414,1400000US39113010200,39113010200,"Census Tract 102, Montgomery County, Ohio",5051,66.6,1.6
3415,1400000US39113020100,39113020100,"Census Tract 201, Montgomery County, Ohio",2197,62.9,9.2
3416,1400000US39113020200,39113020200,"Census Tract 202, Montgomery County, Ohio",2374,60.2,8.1
3417,1400000US39113020300,39113020300,"Census Tract 203, Montgomery County, Ohio",2185,58.2,2.7
3418,1400000US39113020400,39113020400,"Census Tract 204, Montgomery County, Ohio",5281,60.5,3.6
3419,1400000US39113020500,39113020500,"Census Tract 205, Montgomery County, Ohio",1226,55.0,6.0
3420,1400000US39113020601,39113020601,"Census Tract 206.01, Montgomery County, Ohio",1532,64.0,3.9
3421,1400000US39113020602,39113020602,"Census Tract 206.02, Montgomery County, Ohio",1406,57.4,2.3
3422,1400000US39113020700,39113020700,"Census Tract 207, Montgomery County, Ohio",2421,60.1,6.1
3423,1400000US39113020800,39113020800,"Census Tract 208, Montgomery County, Ohio",2001,56.0,6.3
3424,1400000US39113020900,39113020900,"Census Tract 209, Montgomery County, Ohio",2087,71.2,3.1
3425,1400000US39113021000,39113021000,"Census Tract 210, Montgomery County, Ohio",1299,72.1,5.4
3426,1400000US39113021100,39113021100,"Census Tract 211, Montgomery County, Ohio",2484,55.8,8.5
3427,1400000US39113021200,39113021200,"Census Tract 212, Montgomery County, Ohio",1421,67.9,6.7
3428,1400000US39113021301,39113021301,"Census Tract 213.01, Montgomery County, Ohio",2144,54.5,12.8
3429,1400000US39113021302,39113021302,"Census Tract 213.02, Montgomery County, Ohio",1570,64.6,8.0
3430,1400000US39113021400,39113021400,"Census Tract 214, Montgomery County, Ohio",2164,61.0,2.9
3431,1400000US39113021501,39113021501,"Census Tract 215.01, Montgomery County, Ohio",2231,67.2,10.6
3432,1400000US39113021502,39113021502,"Census Tract 215.02, Montgomery County, Ohio",1398,56.2,7.9
3433,1400000US39113021601,39113021601,"Census Tract 216.01, Montgomery County, Ohio",1744,66.2,8.8
3434,1400000US39113021602,39113021602,"Census Tract 216.02, Montgomery County, Ohio",2774,63.1,7.1
3435,1400000US39113021700,39113021700,"Census Tract 217, Montgomery County, Ohio",2002,64.4,7.6
3436,1400000US39113021800,39113021800,"Census Tract 218, Montgomery County, Ohio",1669,60.8,11.9
3437,1400000US39113021900,39113021900,"Census Tract 219, Montgomery County, Ohio",1912,51.8,4.1
3438,1400000US39113030100,39113030100,"Census Tract 301, Montgomery County, Ohio",3095,59.7,7.4
3439,1400000US39113030200,39113030200,"Census Tract 302, Montgomery County, Ohio",2382,59.7,7.6
3440,1400000US39113040101,39113040101,"Census Tract 401.01, Montgomery County, Ohio",1482,66.7,3.3
3441,1400000US39113040102,39113040102,"Census Tract 401.02, Montgomery County, Ohio",1769,53.0,6.1
3442,1400000US39113040103,39113040103,"Census Tract 401.03, Montgomery County, Ohio",2334,38.3,2.5
3443,1400000US39113040201,39113040201,"Census Tract 402.01, Montgomery County, Ohio",2337,59.6,4.5
3444,1400000US39113040203,39113040203,"Census Tract 402.03, Montgomery County, Ohio",2124,59.5,6.3
3445,1400000US39113040204,39113040204,"Census Tract 402.04, Montgomery County, Ohio",4238,59.0,7.8
3446,1400000US39113040302,39113040302,"Census Tract 403.02, Montgomery County, Ohio",4091,58.2,8.8
3447,1400000US39113040303,39113040303,"Census Tract 403.03, Montgomery County, Ohio",3986,53.0,0.5
3448,1400000US39113040305,39113040305,"Census Tract 403.05, Montgomery County, Ohio",2203,67.1,1.7
3449,1400000US39113040306,39113040306,"Census Tract 403.06, Montgomery County, Ohio",3828,64.6,2.6
3450,1400000US39113040401,39113040401,"Census Tract 404.01, Montgomery County, Ohio",4445,65.0,2.9
3451,1400000US39113040403,39113040403,"Census Tract 404.03, Montgomery County, Ohio",3244,65.2,3.5
3452,1400000US39113040405,39113040405,"Census Tract 404.05, Montgomery County, Ohio",4692,70.1,3.8
3453,1400000US39113040406,39113040406,"Census Tract 404.06, Montgomery County, Ohio",5311,54.4,4.5
3454,1400000US39113050101,39113050101,"Census Tract 501.01, Montgomery County, Ohio",3363,62.1,6.7
3455,1400000US39113050103,39113050103,"Census Tract 501.03, Montgomery County, Ohio",6145,74.1,5.8
3456,1400000US39113050104,39113050104,"Census Tract 501.04, Montgomery County, Ohio",2220,48.8,12.1
3457,1400000US39113050105,39113050105,"Census Tract 501.05, Montgomery County, Ohio",4088,62.4,6.4
3458,1400000US39113050301,39113050301,"Census Tract 503.01, Montgomery County, Ohio",2308,56.1,12.7
3459,1400000US39113050302,39113050302,"Census Tract 503.02, Montgomery County, Ohio",4338,62.7,5.4
3460,1400000US39113050303,39113050303,"Census Tract 503.03, Montgomery County, Ohio",3333,63.5,7.7
3461,1400000US39113050401,39113050401,"Census Tract 504.01, Montgomery County, Ohio",4218,61.3,5.3
3462,1400000US39113050402,39113050402,"Census Tract 504.02, Montgomery County, Ohio",1586,53.8,10.6
3463,1400000US39113050502,39113050502,"Census Tract 505.02, Montgomery County, Ohio",2320,60.9,4.4
3464,1400000US39113050503,39113050503,"Census Tract 505.03, Montgomery County, Ohio",5366,55.2,6.3
3465,1400000US39113050504,39113050504,"Census Tract 505.04, Montgomery County, Ohio",4993,61.3,10.6
3466,1400000US39113050600,39113050600,"Census Tract 506, Montgomery County, Ohio",3036,51.3,5.4
3467,1400000US39113060100,39113060100,"Census Tract 601, Montgomery County, Ohio",2711,50.5,11.3
3468,1400000US39113060200,39113060200,"Census Tract 602, Montgomery County, Ohio",1275,39.1,17.5
3469,1400000US39113060300,39113060300,"Census Tract 603, Montgomery County, Ohio",3730,27.2,22.2
3470,1400000US39113070101,39113070101,"Census Tract 701.01, Montgomery County, Ohio",3869,51.1,10.3
3471,1400000US39113070102,39113070102,"Census Tract 701.02, Montgomery County, Ohio",3023,48.0,9.8
3472,1400000US39113070201,39113070201,"Census Tract 702.01, Montgomery County, Ohio",1042,33.2,38.9
3473,1400000US39113070202,39113070202,"Census Tract 702.02, Montgomery County, Ohio",1448,36.5,31.6
3474,1400000US39113070300,39113070300,"Census Tract 703, Montgomery County, Ohio",2072,37.8,19.9
3475,1400000US39113070400,39113070400,"Census Tract 704, Montgomery County, Ohio",1999,53.5,15.9
3476,1400000US39113070500,39113070500,"Census Tract 705, Montgomery County, Ohio",3237,55.2,7.6
3477,1400000US39113070600,39113070600,"Census Tract 706, Montgomery County, Ohio",887,44.1,8.4
3478,1400000US39113070700,39113070700,"Census Tract 707, Montgomery County, Ohio",2764,45.6,12.8
3479,1400000US39113080100,39113080100,"Census Tract 801, Montgomery County, Ohio",5120,52.6,10.8
3480,1400000US39113080200,39113080200,"Census Tract 802, Montgomery County, Ohio",2181,48.0,14.1
3481,1400000US39113080300,39113080300,"Census Tract 803, Montgomery County, Ohio",1684,42.0,20.0
3482,1400000US39113080400,39113080400,"Census Tract 804, Montgomery County, Ohio",2395,55.1,8.8
3483,1400000US39113080500,39113080500,"Census Tract 805, Montgomery County, Ohio",4370,53.4,20.2
3484,1400000US39113080600,39113080600,"Census Tract 806, Montgomery County, Ohio",1272,50.9,13.7
3485,1400000US39113080700,39113080700,"Census Tract 807, Montgomery County, Ohio",1832,37.5,17.8
3486,1400000US39113090302,39113090302,"Census Tract 903.02, Montgomery County, Ohio",4736,51.3,11.4
3487,1400000US39113090303,39113090303,"Census Tract 903.03, Montgomery County, Ohio",2572,61.8,3.1
3488,1400000US39113090304,39113090304,"Census Tract 903.04, Montgomery County, Ohio",5555,60.7,10.6
3489,1400000US39113090600,39113090600,"Census Tract 906, Montgomery County, Ohio",2766,62.6,7.0
3490,1400000US39113090700,39113090700,"Census Tract 907, Montgomery County, Ohio",1045,58.4,5.0
3491,1400000US39113090800,39113090800,"Census Tract 908, Montgomery County, Ohio",998,55.5,8.4
3492,1400000US39113090900,39113090900,"Census Tract 909, Montgomery County, Ohio",2902,56.4,9.0
3493,1400000US39113091000,39113091000,"Census Tract 910, Montgomery County, Ohio",2041,50.3,11.6
3494,1400000US39113091100,39113091100,"Census Tract 911, Montgomery County, Ohio",2101,49.4,8.9
3495,1400000US39113100101,39113100101,"Census Tract 1001.01, Montgomery County, Ohio",5145,55.4,7.9
3496,1400000US39113100102,39113100102,"Census Tract 1001.02, Montgomery County, Ohio",4461,55.0,4.0
3497,1400000US39113100201,39113100201,"Census Tract 1002.01, Montgomery County, Ohio",3307,64.1,10.4
3498,1400000US39113100202,39113100202,"Census Tract 1002.02, Montgomery County, Ohio",1934,63.4,6.0
3499,1400000US39113100203,39113100203,"Census Tract 1002.03, Montgomery County, Ohio",3804,61.6,6.4
3500,1400000US39113100301,39113100301,"Census Tract 1003.01, Montgomery County, Ohio",3221,53.3,11.4
3501,1400000US39113100302,39113100302,"Census Tract 1003.02, Montgomery County, Ohio",2318,58.3,13.3
3502,1400000US39113100400,39113100400,"Census Tract 1004, Montgomery County, Ohio",3803,56.5,8.4
3503,1400000US39113110100,39113110100,"Census Tract 1101, Montgomery County, Ohio",1135,64.2,4.0
3504,1400000US39113110201,39113110201,"Census Tract 1102.01, Montgomery County, Ohio",3847,62.1,3.4
3505,1400000US39113110202,39113110202,"Census Tract 1102.02, Montgomery County, Ohio",2329,60.6,8.6
3506,1400000US39113115002,39113115002,"Census Tract 1150.02, Montgomery County, Ohio",3079,60.9,7.4
3507,1400000US39113115011,39113115011,"Census Tract 1150.11, Montgomery County, Ohio",4596,64.8,8.2
3508,1400000US39113115012,39113115012,"Census Tract 1150.12, Montgomery County, Ohio",4265,61.6,7.9
3509,1400000US39113120101,39113120101,"Census Tract 1201.01, Montgomery County, Ohio",3904,62.8,10.5
3510,1400000US39113120102,39113120102,"Census Tract 1201.02, Montgomery County, Ohio",3713,62.7,9.0
3511,1400000US39113120103,39113120103,"Census Tract 1201.03, Montgomery County, Ohio",2401,59.9,8.1
3512,1400000US39113125000,39113125000,"Census Tract 1250, Montgomery County, Ohio",4758,64.9,6.3
3513,1400000US39113125101,39113125101,"Census Tract 1251.01, Montgomery County, Ohio",5920,54.4,7.0
3514,1400000US39113125102,39113125102,"Census Tract 1251.02, Montgomery County, Ohio",4972,57.8,8.7
3515,1400000US39113130101,39113130101,"Census Tract 1301.01, Montgomery County, Ohio",2001,63.9,6.4
3516,1400000US39113130102,39113130102,"Census Tract 1301.02, Montgomery County, Ohio",5411,54.1,6.5
3517,1400000US39113140100,39113140100,"Census Tract 1401, Montgomery County, Ohio",4629,56.2,8.2
3518,1400000US39113150100,39113150100,"Census Tract 1501, Montgomery County, Ohio",5050,57.2,6.0
3519,1400000US39113160100,39113160100,"Census Tract 1601, Montgomery County, Ohio",1644,62.4,8.9
3520,1400000US39113165000,39113165000,"Census Tract 1650, Montgomery County, Ohio",4941,59.1,7.1
3521,1400000US39113165100,39113165100,"Census Tract 1651, Montgomery County, Ohio",1736,44.2,13.8
3522,1400000US39113165200,39113165200,"Census Tract 1652, Montgomery County, Ohio",1561,50.9,6.8
3523,1400000US39113980000,39113980000,"Census Tract 9800, Montgomery County, Ohio",0,-,-
3524,1400000US39115968800,39115968800,"Census Tract 9688, Morgan County, Ohio",2904,47.4,13.8
3525,1400000US39115968900,39115968900,"Census Tract 9689, Morgan County, Ohio",3223,44.8,10.4
3526,1400000US39115969000,39115969000,"Census Tract 9690, Morgan County, Ohio",3206,51.6,3.3
3527,1400000US39115969100,39115969100,"Census Tract 9691, Morgan County, Ohio",2716,44.3,10.0
3528,1400000US39117965000,39117965000,"Census Tract 9650, Morrow County, Ohio",3268,55.3,6.1
3529,1400000US39117965100,39117965100,"Census Tract 9651, Morrow County, Ohio",3489,61.9,5.2
3530,1400000US39117965200,39117965200,"Census Tract 9652, Morrow County, Ohio",5674,54.8,10.4
3531,1400000US39117965300,39117965300,"Census Tract 9653, Morrow County, Ohio",4577,61.4,6.0
3532,1400000US39117965400,39117965400,"Census Tract 9654, Morrow County, Ohio",4949,59.9,5.2
3533,1400000US39117965500,39117965500,"Census Tract 9655, Morrow County, Ohio",5463,59.4,8.0
3534,1400000US39119911000,39119911000,"Census Tract 9110, Muskingum County, Ohio",3674,53.7,9.8
3535,1400000US39119911100,39119911100,"Census Tract 9111, Muskingum County, Ohio",4762,61.6,7.9
3536,1400000US39119911200,39119911200,"Census Tract 9112, Muskingum County, Ohio",5254,62.9,3.7
3537,1400000US39119911300,39119911300,"Census Tract 9113, Muskingum County, Ohio",5009,59.1,2.9
3538,1400000US39119911400,39119911400,"Census Tract 9114, Muskingum County, Ohio",2682,45.8,12.2
3539,1400000US39119911500,39119911500,"Census Tract 9115, Muskingum County, Ohio",3846,55.3,5.6
3540,1400000US39119911600,39119911600,"Census Tract 9116, Muskingum County, Ohio",5204,53.8,6.4
3541,1400000US39119911700,39119911700,"Census Tract 9117, Muskingum County, Ohio",2715,49.7,11.7
3542,1400000US39119911800,39119911800,"Census Tract 9118, Muskingum County, Ohio",2275,58.2,4.8
3543,1400000US39119911900,39119911900,"Census Tract 9119, Muskingum County, Ohio",2766,49.7,7.4
3544,1400000US39119912000,39119912000,"Census Tract 9120, Muskingum County, Ohio",2423,42.1,15.9
3545,1400000US39119912100,39119912100,"Census Tract 9121, Muskingum County, Ohio",2777,44.5,17.8
3546,1400000US39119912200,39119912200,"Census Tract 9122, Muskingum County, Ohio",2480,51.3,11.6
3547,1400000US39119912300,39119912300,"Census Tract 9123, Muskingum County, Ohio",3405,54.5,7.7
3548,1400000US39119912400,39119912400,"Census Tract 9124, Muskingum County, Ohio",3300,53.3,9.6
3549,1400000US39119912500,39119912500,"Census Tract 9125, Muskingum County, Ohio",3370,52.1,10.8
3550,1400000US39119912600,39119912600,"Census Tract 9126, Muskingum County, Ohio",3207,52.6,8.7
3551,1400000US39119912700,39119912700,"Census Tract 9127, Muskingum County, Ohio",4404,65.1,8.0
3552,1400000US39119912800,39119912800,"Census Tract 9128, Muskingum County, Ohio",4915,54.4,9.6
3553,1400000US39121968300,39121968300,"Census Tract 9683, Noble County, Ohio",3163,45.6,8.0
3554,1400000US39121968400,39121968400,"Census Tract 9684, Noble County, Ohio",6566,29.7,6.8
3555,1400000US39121968500,39121968500,"Census Tract 9685, Noble County, Ohio",2913,42.8,6.0
3556,1400000US39123050100,39123050100,"Census Tract 501, Ottawa County, Ohio",573,58.1,4.0
3557,1400000US39123050201,39123050201,"Census Tract 502.01, Ottawa County, Ohio",1723,49.2,5.0
3558,1400000US39123050202,39123050202,"Census Tract 502.02, Ottawa County, Ohio",1546,51.8,8.9
3559,1400000US39123050301,39123050301,"Census Tract 503.01, Ottawa County, Ohio",2406,51.5,10.1
3560,1400000US39123050302,39123050302,"Census Tract 503.02, Ottawa County, Ohio",2142,46.7,5.9
3561,1400000US39123050500,39123050500,"Census Tract 505, Ottawa County, Ohio",2516,53.5,5.9
3562,1400000US39123050600,39123050600,"Census Tract 506, Ottawa County, Ohio",2688,63.2,8.4
3563,1400000US39123050700,39123050700,"Census Tract 507, Ottawa County, Ohio",2635,64.8,4.7
3564,1400000US39123050800,39123050800,"Census Tract 508, Ottawa County, Ohio",3363,58.1,4.1
3565,1400000US39123050900,39123050900,"Census Tract 509, Ottawa County, Ohio",4451,60.2,3.0
3566,1400000US39123051000,39123051000,"Census Tract 510, Ottawa County, Ohio",4013,58.1,5.7
3567,1400000US39123051100,39123051100,"Census Tract 511, Ottawa County, Ohio",3255,63.2,3.3
3568,1400000US39123051200,39123051200,"Census Tract 512, Ottawa County, Ohio",2762,55.9,5.9
3569,1400000US39125960100,39125960100,"Census Tract 9601, Paulding County, Ohio",2209,57.3,10.6
3570,1400000US39125960200,39125960200,"Census Tract 9602, Paulding County, Ohio",3548,59.5,4.7
3571,1400000US39125960300,39125960300,"Census Tract 9603, Paulding County, Ohio",3132,62.8,2.9
3572,1400000US39125960400,39125960400,"Census Tract 9604, Paulding County, Ohio",3277,54.8,6.6
3573,1400000US39125960500,39125960500,"Census Tract 9605, Paulding County, Ohio",2964,50.6,10.5
3574,1400000US39127965800,39127965800,"Census Tract 9658, Perry County, Ohio",6086,57.2,7.9
3575,1400000US39127965900,39127965900,"Census Tract 9659, Perry County, Ohio",5285,50.8,6.6
3576,1400000US39127966000,39127966000,"Census Tract 9660, Perry County, Ohio",4019,48.1,14.5
3577,1400000US39127966100,39127966100,"Census Tract 9661, Perry County, Ohio",3309,48.0,13.1
3578,1400000US39127966200,39127966200,"Census Tract 9662, Perry County, Ohio",4612,55.3,7.5
3579,1400000US39127966300,39127966300,"Census Tract 9663, Perry County, Ohio",4880,49.0,10.5
3580,1400000US39129020100,39129020100,"Census Tract 201, Pickaway County, Ohio",1459,48.9,17.8
3581,1400000US39129020200,39129020200,"Census Tract 202, Pickaway County, Ohio",2100,49.3,11.0
3582,1400000US39129020310,39129020310,"Census Tract 203.10, Pickaway County, Ohio",4327,53.3,5.8
3583,1400000US39129020320,39129020320,"Census Tract 203.20, Pickaway County, Ohio",2791,54.4,2.7
3584,1400000US39129020400,39129020400,"Census Tract 204, Pickaway County, Ohio",2110,44.3,20.3
3585,1400000US39129021100,39129021100,"Census Tract 211, Pickaway County, Ohio",6257,59.1,3.8
3586,1400000US39129021200,39129021200,"Census Tract 212, Pickaway County, Ohio",5850,65.2,7.6
3587,1400000US39129021300,39129021300,"Census Tract 213, Pickaway County, Ohio",3510,0.0,-
3588,1400000US39129021401,39129021401,"Census Tract 214.01, Pickaway County, Ohio",2713,62.8,6.1
3589,1400000US39129021402,39129021402,"Census Tract 214.02, Pickaway County, Ohio",5002,70.2,4.6
3590,1400000US39129021500,39129021500,"Census Tract 215, Pickaway County, Ohio",2726,67.6,2.8
3591,1400000US39129021600,39129021600,"Census Tract 216, Pickaway County, Ohio",2557,56.5,8.1
3592,1400000US39129021700,39129021700,"Census Tract 217, Pickaway County, Ohio",3931,57.3,8.2
3593,1400000US39131952200,39131952200,"Census Tract 9522, Pike County, Ohio",4682,41.2,12.0
3594,1400000US39131952300,39131952300,"Census Tract 9523, Pike County, Ohio",3926,46.1,13.9
3595,1400000US39131952400,39131952400,"Census Tract 9524, Pike County, Ohio",2690,40.2,13.3
3596,1400000US39131952500,39131952500,"Census Tract 9525, Pike County, Ohio",2911,49.8,9.4
3597,1400000US39131952600,39131952600,"Census Tract 9526, Pike County, Ohio",4550,42.4,19.4
3598,1400000US39131952700,39131952700,"Census Tract 9527, Pike County, Ohio",3675,46.0,10.4
3599,1400000US39133600102,39133600102,"Census Tract 6001.02, Portage County, Ohio",3164,56.5,11.8
3600,1400000US39133600103,39133600103,"Census Tract 6001.03, Portage County, Ohio",4740,63.7,5.8
3601,1400000US39133600200,39133600200,"Census Tract 6002, Portage County, Ohio",5057,62.3,7.0
3602,1400000US39133600301,39133600301,"Census Tract 6003.01, Portage County, Ohio",7235,62.9,5.7
3603,1400000US39133600302,39133600302,"Census Tract 6003.02, Portage County, Ohio",5590,59.0,5.1
3604,1400000US39133600401,39133600401,"Census Tract 6004.01, Portage County, Ohio",5281,69.3,4.4
3605,1400000US39133600402,39133600402,"Census Tract 6004.02, Portage County, Ohio",4327,64.1,4.2
3606,1400000US39133600403,39133600403,"Census Tract 6004.03, Portage County, Ohio",3678,63.4,8.9
3607,1400000US39133600500,39133600500,"Census Tract 6005, Portage County, Ohio",4682,60.3,10.7
3608,1400000US39133600602,39133600602,"Census Tract 6006.02, Portage County, Ohio",2290,62.0,5.5
3609,1400000US39133600603,39133600603,"Census Tract 6006.03, Portage County, Ohio",2811,58.4,13.1
3610,1400000US39133600703,39133600703,"Census Tract 6007.03, Portage County, Ohio",1513,51.4,16.8
3611,1400000US39133600704,39133600704,"Census Tract 6007.04, Portage County, Ohio",1438,56.8,12.7
3612,1400000US39133600705,39133600705,"Census Tract 6007.05, Portage County, Ohio",2137,59.9,9.5
3613,1400000US39133600706,39133600706,"Census Tract 6007.06, Portage County, Ohio",2464,61.1,11.0
3614,1400000US39133600800,39133600800,"Census Tract 6008, Portage County, Ohio",2778,54.2,8.8
3615,1400000US39133600901,39133600901,"Census Tract 6009.01, Portage County, Ohio",3234,54.3,17.8
3616,1400000US39133600902,39133600902,"Census Tract 6009.02, Portage County, Ohio",4419,66.4,12.0
3617,1400000US39133601000,39133601000,"Census Tract 6010, Portage County, Ohio",1937,52.2,10.8
3618,1400000US39133601100,39133601100,"Census Tract 6011, Portage County, Ohio",4618,54.5,11.4
3619,1400000US39133601200,39133601200,"Census Tract 6012, Portage County, Ohio",4122,64.0,4.3
3620,1400000US39133601300,39133601300,"Census Tract 6013, Portage County, Ohio",6093,64.3,10.3
3621,1400000US39133601400,39133601400,"Census Tract 6014, Portage County, Ohio",4198,60.4,8.1
3622,1400000US39133601501,39133601501,"Census Tract 6015.01, Portage County, Ohio",2121,65.0,7.6
3623,1400000US39133601502,39133601502,"Census Tract 6015.02, Portage County, Ohio",5669,42.3,19.8
3624,1400000US39133601503,39133601503,"Census Tract 6015.03, Portage County, Ohio",3922,63.4,9.8
3625,1400000US39133601600,39133601600,"Census Tract 6016, Portage County, Ohio",3579,59.6,9.9
3626,1400000US39133601701,39133601701,"Census Tract 6017.01, Portage County, Ohio",4679,70.6,3.7
3627,1400000US39133601702,39133601702,"Census Tract 6017.02, Portage County, Ohio",4931,59.6,6.5
3628,1400000US39133601801,39133601801,"Census Tract 6018.01, Portage County, Ohio",3187,63.9,5.0
3629,1400000US39133601802,39133601802,"Census Tract 6018.02, Portage County, Ohio",3436,61.4,8.3
3630,1400000US39133601901,39133601901,"Census Tract 6019.01, Portage County, Ohio",2227,58.4,12.4
3631,1400000US39133601902,39133601902,"Census Tract 6019.02, Portage County, Ohio",2183,57.0,17.5
3632,1400000US39133602000,39133602000,"Census Tract 6020, Portage County, Ohio",4533,60.7,7.6
3633,1400000US39133602100,39133602100,"Census Tract 6021, Portage County, Ohio",6142,62.1,6.0
3634,1400000US39135400100,39135400100,"Census Tract 4001, Preble County, Ohio",2551,57.8,6.6
3635,1400000US39135410100,39135410100,"Census Tract 4101, Preble County, Ohio",1769,60.7,9.5
3636,1400000US39135420100,39135420100,"Census Tract 4201, Preble County, Ohio",3520,67.8,2.3
3637,1400000US39135430100,39135430100,"Census Tract 4301, Preble County, Ohio",2198,58.0,8.8
3638,1400000US39135440100,39135440100,"Census Tract 4401, Preble County, Ohio",2995,51.8,8.3
3639,1400000US39135450100,39135450100,"Census Tract 4501, Preble County, Ohio",1768,57.4,4.9
3640,1400000US39135455001,39135455001,"Census Tract 4550.01, Preble County, Ohio",1589,53.6,16.2
3641,1400000US39135455002,39135455002,"Census Tract 4550.02, Preble County, Ohio",4489,51.9,7.8
3642,1400000US39135460100,39135460100,"Census Tract 4601, Preble County, Ohio",2432,57.8,5.3
3643,1400000US39135470101,39135470101,"Census Tract 4701.01, Preble County, Ohio",2719,71.5,4.0
3644,1400000US39135470102,39135470102,"Census Tract 4701.02, Preble County, Ohio",3391,57.5,11.4
3645,1400000US39135480100,39135480100,"Census Tract 4801, Preble County, Ohio",3639,56.3,7.3
3646,1400000US39137030100,39137030100,"Census Tract 301, Putnam County, Ohio",3307,65.1,1.9
3647,1400000US39137030200,39137030200,"Census Tract 302, Putnam County, Ohio",4683,65.9,5.7
3648,1400000US39137030300,39137030300,"Census Tract 303, Putnam County, Ohio",6056,65.4,3.3
3649,1400000US39137030400,39137030400,"Census Tract 304, Putnam County, Ohio",2530,68.4,3.1
3650,1400000US39137030500,39137030500,"Census Tract 305, Putnam County, Ohio",2824,63.2,2.3
3651,1400000US39137030600,39137030600,"Census Tract 306, Putnam County, Ohio",3179,71.5,3.5
3652,1400000US39137030700,39137030700,"Census Tract 307, Putnam County, Ohio",3741,69.4,2.7
3653,1400000US39139000400,39139000400,"Census Tract 4, Richland County, Ohio",1884,50.2,11.3
3654,1400000US39139000500,39139000500,"Census Tract 5, Richland County, Ohio",2905,54.6,16.5
3655,1400000US39139000600,39139000600,"Census Tract 6, Richland County, Ohio",2467,46.3,17.3
3656,1400000US39139000700,39139000700,"Census Tract 7, Richland County, Ohio",2143,43.2,23.5
3657,1400000US39139000800,39139000800,"Census Tract 8, Richland County, Ohio",2013,49.4,13.3
3658,1400000US39139000900,39139000900,"Census Tract 9, Richland County, Ohio",3369,55.5,8.3
3659,1400000US39139001000,39139001000,"Census Tract 10, Richland County, Ohio",3736,56.0,5.0
3660,1400000US39139001100,39139001100,"Census Tract 11, Richland County, Ohio",2498,49.8,7.7
3661,1400000US39139001200,39139001200,"Census Tract 12, Richland County, Ohio",3210,52.6,8.2
3662,1400000US39139001300,39139001300,"Census Tract 13, Richland County, Ohio",2418,62.5,5.3
3663,1400000US39139001400,39139001400,"Census Tract 14, Richland County, Ohio",1893,54.5,8.6
3664,1400000US39139001500,39139001500,"Census Tract 15, Richland County, Ohio",1580,41.0,15.6
3665,1400000US39139001600,39139001600,"Census Tract 16, Richland County, Ohio",1613,42.1,15.5
3666,1400000US39139001700,39139001700,"Census Tract 17, Richland County, Ohio",5245,3.9,12.8
3667,1400000US39139001800,39139001800,"Census Tract 18, Richland County, Ohio",2889,46.8,12.0
3668,1400000US39139001900,39139001900,"Census Tract 19, Richland County, Ohio",5000,55.1,11.6
3669,1400000US39139002000,39139002000,"Census Tract 20, Richland County, Ohio",4486,55.4,10.6
3670,1400000US39139002101,39139002101,"Census Tract 21.01, Richland County, Ohio",4347,49.7,10.6
3671,1400000US39139002102,39139002102,"Census Tract 21.02, Richland County, Ohio",3540,61.1,3.3
3672,1400000US39139002200,39139002200,"Census Tract 22, Richland County, Ohio",5329,59.1,4.2
3673,1400000US39139002300,39139002300,"Census Tract 23, Richland County, Ohio",5271,51.4,8.6
3674,1400000US39139002400,39139002400,"Census Tract 24, Richland County, Ohio",4703,62.0,4.3
3675,1400000US39139002500,39139002500,"Census Tract 25, Richland County, Ohio",3460,54.9,6.7
3676,1400000US39139002600,39139002600,"Census Tract 26, Richland County, Ohio",3540,59.2,7.1
3677,1400000US39139002700,39139002700,"Census Tract 27, Richland County, Ohio",4035,56.0,5.0
3678,1400000US39139002800,39139002800,"Census Tract 28, Richland County, Ohio",2970,58.4,7.0
3679,1400000US39139002900,39139002900,"Census Tract 29, Richland County, Ohio",3216,64.6,2.6
3680,1400000US39139003001,39139003001,"Census Tract 30.01, Richland County, Ohio",4229,52.7,6.3
3681,1400000US39139003002,39139003002,"Census Tract 30.02, Richland County, Ohio",2779,55.8,8.3
3682,1400000US39139003100,39139003100,"Census Tract 31, Richland County, Ohio",1745,30.7,21.9
3683,1400000US39141955500,39141955500,"Census Tract 9555, Ross County, Ohio",4869,58.3,10.8
3684,1400000US39141955601,39141955601,"Census Tract 9556.01, Ross County, Ohio",1708,59.5,7.1
3685,1400000US39141955602,39141955602,"Census Tract 9556.02, Ross County, Ohio",5259,2.5,12.6
3686,1400000US39141955603,39141955603,"Census Tract 9556.03, Ross County, Ohio",3112,57.7,7.3
3687,1400000US39141955700,39141955700,"Census Tract 9557, Ross County, Ohio",4553,51.9,13.0
3688,1400000US39141955800,39141955800,"Census Tract 9558, Ross County, Ohio",5840,50.5,10.3
3689,1400000US39141955900,39141955900,"Census Tract 9559, Ross County, Ohio",3235,63.3,3.9
3690,1400000US39141956000,39141956000,"Census Tract 9560, Ross County, Ohio",4286,53.8,13.9
3691,1400000US39141956100,39141956100,"Census Tract 9561, Ross County, Ohio",3159,50.0,14.4
3692,1400000US39141956200,39141956200,"Census Tract 9562, Ross County, Ohio",1809,46.0,8.4
3693,1400000US39141956300,39141956300,"Census Tract 9563, Ross County, Ohio",2564,45.0,10.1
3694,1400000US39141956400,39141956400,"Census Tract 9564, Ross County, Ohio",2582,45.3,11.9
3695,1400000US39141956500,39141956500,"Census Tract 9565, Ross County, Ohio",3185,52.6,16.4
3696,1400000US39141956600,39141956600,"Census Tract 9566, Ross County, Ohio",4043,56.1,6.7
3697,1400000US39141956700,39141956700,"Census Tract 9567, Ross County, Ohio",3556,52.3,5.6
3698,1400000US39141956800,39141956800,"Census Tract 9568, Ross County, Ohio",4772,46.8,18.3
3699,1400000US39141956900,39141956900,"Census Tract 9569, Ross County, Ohio",3752,49.9,16.1
3700,1400000US39143960800,39143960800,"Census Tract 9608, Sandusky County, Ohio",2979,61.0,4.5
3701,1400000US39143960900,39143960900,"Census Tract 9609, Sandusky County, Ohio",2846,55.6,6.3
3702,1400000US39143961000,39143961000,"Census Tract 9610, Sandusky County, Ohio",3313,60.6,8.4
3703,1400000US39143961100,39143961100,"Census Tract 9611, Sandusky County, Ohio",3074,59.4,6.1
3704,1400000US39143961200,39143961200,"Census Tract 9612, Sandusky County, Ohio",3227,65.9,3.0
3705,1400000US39143961300,39143961300,"Census Tract 9613, Sandusky County, Ohio",3395,55.3,4.8
3706,1400000US39143961400,39143961400,"Census Tract 9614, Sandusky County, Ohio",2519,59.7,13.3
3707,1400000US39143961500,39143961500,"Census Tract 9615, Sandusky County, Ohio",3183,63.3,8.5
3708,1400000US39143961600,39143961600,"Census Tract 9616, Sandusky County, Ohio",2684,46.2,14.3
3709,1400000US39143961700,39143961700,"Census Tract 9617, Sandusky County, Ohio",2338,53.6,7.3
3710,1400000US39143961800,39143961800,"Census Tract 9618, Sandusky County, Ohio",2981,56.8,11.2
3711,1400000US39143961900,39143961900,"Census Tract 9619, Sandusky County, Ohio",3087,56.1,9.0
3712,1400000US39143962000,39143962000,"Census Tract 9620, Sandusky County, Ohio",4798,64.2,9.3
3713,1400000US39143962100,39143962100,"Census Tract 9621, Sandusky County, Ohio",3810,59.0,3.3
3714,1400000US39143962200,39143962200,"Census Tract 9622, Sandusky County, Ohio",3617,60.2,6.3
3715,1400000US39145002100,39145002100,"Census Tract 21, Scioto County, Ohio",3759,47.5,5.3
3716,1400000US39145002200,39145002200,"Census Tract 22, Scioto County, Ohio",4547,33.6,8.4
3717,1400000US39145002300,39145002300,"Census Tract 23, Scioto County, Ohio",3765,41.2,10.0
3718,1400000US39145002400,39145002400,"Census Tract 24, Scioto County, Ohio",4539,43.3,8.2
3719,1400000US39145002500,39145002500,"Census Tract 25, Scioto County, Ohio",2150,48.9,11.4
3720,1400000US39145002600,39145002600,"Census Tract 26, Scioto County, Ohio",3204,45.2,6.8
3721,1400000US39145002700,39145002700,"Census Tract 27, Scioto County, Ohio",3993,53.9,7.0
3722,1400000US39145002800,39145002800,"Census Tract 28, Scioto County, Ohio",3818,39.4,9.0
3723,1400000US39145002900,39145002900,"Census Tract 29, Scioto County, Ohio",4919,55.2,2.8
3724,1400000US39145003000,39145003000,"Census Tract 30, Scioto County, Ohio",2922,37.9,11.1
3725,1400000US39145003100,39145003100,"Census Tract 31, Scioto County, Ohio",2743,40.5,8.3
3726,1400000US39145003200,39145003200,"Census Tract 32, Scioto County, Ohio",1409,39.5,9.7
3727,1400000US39145003300,39145003300,"Census Tract 33, Scioto County, Ohio",2107,44.8,9.9
3728,1400000US39145003400,39145003400,"Census Tract 34, Scioto County, Ohio",2855,47.3,17.6
3729,1400000US39145003500,39145003500,"Census Tract 35, Scioto County, Ohio",2022,45.3,10.6
3730,1400000US39145003600,39145003600,"Census Tract 36, Scioto County, Ohio",2178,32.6,11.4
3731,1400000US39145003700,39145003700,"Census Tract 37, Scioto County, Ohio",2576,32.5,17.4
3732,1400000US39145003800,39145003800,"Census Tract 38, Scioto County, Ohio",3729,48.8,11.8
3733,1400000US39145003900,39145003900,"Census Tract 39, Scioto County, Ohio",2376,41.8,20.1
3734,1400000US39145004000,39145004000,"Census Tract 40, Scioto County, Ohio",3088,50.1,9.0
3735,1400000US39147962500,39147962500,"Census Tract 9625, Seneca County, Ohio",3025,64.3,3.0
3736,1400000US39147962600,39147962600,"Census Tract 9626, Seneca County, Ohio",3286,60.7,6.9
3737,1400000US39147962700,39147962700,"Census Tract 9627, Seneca County, Ohio",2822,64.7,7.9
3738,1400000US39147962800,39147962800,"Census Tract 9628, Seneca County, Ohio",2938,55.3,11.1
3739,1400000US39147962900,39147962900,"Census Tract 9629, Seneca County, Ohio",2658,60.2,11.6
3740,1400000US39147963000,39147963000,"Census Tract 9630, Seneca County, Ohio",2889,44.5,14.3
3741,1400000US39147963100,39147963100,"Census Tract 9631, Seneca County, Ohio",3521,64.8,3.1
3742,1400000US39147963200,39147963200,"Census Tract 9632, Seneca County, Ohio",3278,48.0,8.2
3743,1400000US39147963300,39147963300,"Census Tract 9633, Seneca County, Ohio",3213,50.5,15.7
3744,1400000US39147963400,39147963400,"Census Tract 9634, Seneca County, Ohio",3571,50.5,7.8
3745,1400000US39147963500,39147963500,"Census Tract 9635, Seneca County, Ohio",2989,56.9,9.0
3746,1400000US39147963600,39147963600,"Census Tract 9636, Seneca County, Ohio",3597,58.0,10.7
3747,1400000US39147963700,39147963700,"Census Tract 9637, Seneca County, Ohio",4000,50.8,2.8
3748,1400000US39147963800,39147963800,"Census Tract 9638, Seneca County, Ohio",2978,65.5,4.8
3749,1400000US39149971400,39149971400,"Census Tract 9714, Shelby County, Ohio",3313,62.1,5.5
3750,1400000US39149971500,39149971500,"Census Tract 9715, Shelby County, Ohio",3951,72.7,2.1
3751,1400000US39149971600,39149971600,"Census Tract 9716, Shelby County, Ohio",3672,67.3,4.9
3752,1400000US39149971700,39149971700,"Census Tract 9717, Shelby County, Ohio",3577,63.3,4.3
3753,1400000US39149971800,39149971800,"Census Tract 9718, Shelby County, Ohio",4295,57.2,9.0
3754,1400000US39149971900,39149971900,"Census Tract 9719, Shelby County, Ohio",3564,58.5,4.4
3755,1400000US39149972000,39149972000,"Census Tract 9720, Shelby County, Ohio",2527,57.6,11.2
3756,1400000US39149972100,39149972100,"Census Tract 9721, Shelby County, Ohio",4543,60.6,13.0
3757,1400000US39149972200,39149972200,"Census Tract 9722, Shelby County, Ohio",4298,62.1,6.2
3758,1400000US39149972300,39149972300,"Census Tract 9723, Shelby County, Ohio",4061,63.2,6.1
3759,1400000US39151700100,39151700100,"Census Tract 7001, Stark County, Ohio",1004,19.6,36.0
3760,1400000US39151700200,39151700200,"Census Tract 7002, Stark County, Ohio",4444,49.7,17.4
3761,1400000US39151700300,39151700300,"Census Tract 7003, Stark County, Ohio",1988,44.7,22.6
3762,1400000US39151700400,39151700400,"Census Tract 7004, Stark County, Ohio",3901,58.6,12.7
3763,1400000US39151700500,39151700500,"Census Tract 7005, Stark County, Ohio",1988,47.7,16.4
3764,1400000US39151700600,39151700600,"Census Tract 7006, Stark County, Ohio",2503,61.0,14.2
3765,1400000US39151700700,39151700700,"Census Tract 7007, Stark County, Ohio",6183,55.5,3.4
3766,1400000US39151700800,39151700800,"Census Tract 7008, Stark County, Ohio",3241,61.3,14.1
3767,1400000US39151701000,39151701000,"Census Tract 7010, Stark County, Ohio",2288,54.5,13.7
3768,1400000US39151701100,39151701100,"Census Tract 7011, Stark County, Ohio",2552,64.7,11.9
3769,1400000US39151701200,39151701200,"Census Tract 7012, Stark County, Ohio",2744,56.6,13.3
3770,1400000US39151701300,39151701300,"Census Tract 7013, Stark County, Ohio",3072,57.2,13.1
3771,1400000US39151701500,39151701500,"Census Tract 7015, Stark County, Ohio",2185,46.5,19.0
3772,1400000US39151701700,39151701700,"Census Tract 7017, Stark County, Ohio",2032,48.6,20.3
3773,1400000US39151701800,39151701800,"Census Tract 7018, Stark County, Ohio",1756,44.5,23.4
3774,1400000US39151702100,39151702100,"Census Tract 7021, Stark County, Ohio",2552,41.0,21.2
3775,1400000US39151702300,39151702300,"Census Tract 7023, Stark County, Ohio",2058,40.3,36.3
3776,1400000US39151702500,39151702500,"Census Tract 7025, Stark County, Ohio",2547,53.6,16.8
3777,1400000US39151710200,39151710200,"Census Tract 7102, Stark County, Ohio",3535,47.8,18.6
3778,1400000US39151710300,39151710300,"Census Tract 7103, Stark County, Ohio",2694,50.7,10.4
3779,1400000US39151710400,39151710400,"Census Tract 7104, Stark County, Ohio",731,31.7,24.2
3780,1400000US39151710500,39151710500,"Census Tract 7105, Stark County, Ohio",3355,50.0,15.5
3781,1400000US39151710600,39151710600,"Census Tract 7106, Stark County, Ohio",3924,61.1,10.3
3782,1400000US39151710700,39151710700,"Census Tract 7107, Stark County, Ohio",3255,47.3,9.0
3783,1400000US39151710800,39151710800,"Census Tract 7108, Stark County, Ohio",4565,49.4,10.6
3784,1400000US39151710900,39151710900,"Census Tract 7109, Stark County, Ohio",3609,66.6,5.8
3785,1400000US39151711000,39151711000,"Census Tract 7110, Stark County, Ohio",6192,62.2,4.8
3786,1400000US39151711111,39151711111,"Census Tract 7111.11, Stark County, Ohio",3724,57.6,8.3
3787,1400000US39151711112,39151711112,"Census Tract 7111.12, Stark County, Ohio",3794,64.2,3.3
3788,1400000US39151711121,39151711121,"Census Tract 7111.21, Stark County, Ohio",5187,63.1,7.1
3789,1400000US39151711122,39151711122,"Census Tract 7111.22, Stark County, Ohio",4610,62.3,4.4
3790,1400000US39151711202,39151711202,"Census Tract 7112.02, Stark County, Ohio",3183,62.5,11.4
3791,1400000US39151711211,39151711211,"Census Tract 7112.11, Stark County, Ohio",5859,62.2,5.0
3792,1400000US39151711212,39151711212,"Census Tract 7112.12, Stark County, Ohio",2038,64.2,4.7
3793,1400000US39151711311,39151711311,"Census Tract 7113.11, Stark County, Ohio",6552,63.8,6.1
3794,1400000US39151711312,39151711312,"Census Tract 7113.12, Stark County, Ohio",5503,65.1,1.9
3795,1400000US39151711321,39151711321,"Census Tract 7113.21, Stark County, Ohio",3175,63.0,3.0
3796,1400000US39151711322,39151711322,"Census Tract 7113.22, Stark County, Ohio",2762,56.7,10.4
3797,1400000US39151711402,39151711402,"Census Tract 7114.02, Stark County, Ohio",5516,63.8,5.4
3798,1400000US39151711411,39151711411,"Census Tract 7114.11, Stark County, Ohio",2997,64.1,4.9
3799,1400000US39151711412,39151711412,"Census Tract 7114.12, Stark County, Ohio",3622,55.2,2.3
3800,1400000US39151711501,39151711501,"Census Tract 7115.01, Stark County, Ohio",3287,52.2,9.9
3801,1400000US39151711502,39151711502,"Census Tract 7115.02, Stark County, Ohio",2708,58.1,0.7
3802,1400000US39151711600,39151711600,"Census Tract 7116, Stark County, Ohio",5263,57.4,13.0
3803,1400000US39151711700,39151711700,"Census Tract 7117, Stark County, Ohio",4461,59.3,5.8
3804,1400000US39151711800,39151711800,"Census Tract 7118, Stark County, Ohio",4261,64.7,4.7
3805,1400000US39151711900,39151711900,"Census Tract 7119, Stark County, Ohio",3930,64.2,2.3
3806,1400000US39151712000,39151712000,"Census Tract 7120, Stark County, Ohio",3495,58.1,5.7
3807,1400000US39151712102,39151712102,"Census Tract 7121.02, Stark County, Ohio",6036,63.8,3.5
3808,1400000US39151712111,39151712111,"Census Tract 7121.11, Stark County, Ohio",4945,60.5,5.3
3809,1400000US39151712112,39151712112,"Census Tract 7121.12, Stark County, Ohio",1476,65.5,2.2
3810,1400000US39151712201,39151712201,"Census Tract 7122.01, Stark County, Ohio",5521,54.1,10.1
3811,1400000US39151712202,39151712202,"Census Tract 7122.02, Stark County, Ohio",4740,57.7,5.1
3812,1400000US39151712300,39151712300,"Census Tract 7123, Stark County, Ohio",5292,58.1,11.1
3813,1400000US39151712400,39151712400,"Census Tract 7124, Stark County, Ohio",5599,49.3,11.2
3814,1400000US39151712500,39151712500,"Census Tract 7125, Stark County, Ohio",1633,61.8,4.7
3815,1400000US39151712601,39151712601,"Census Tract 7126.01, Stark County, Ohio",1902,66.3,4.3
3816,1400000US39151712602,39151712602,"Census Tract 7126.02, Stark County, Ohio",3667,60.9,4.0
3817,1400000US39151712700,39151712700,"Census Tract 7127, Stark County, Ohio",4350,63.3,2.7
3818,1400000US39151712800,39151712800,"Census Tract 7128, Stark County, Ohio",3897,65.0,2.6
3819,1400000US39151712900,39151712900,"Census Tract 7129, Stark County, Ohio",3336,53.6,9.5
3820,1400000US39151713000,39151713000,"Census Tract 7130, Stark County, Ohio",3197,61.2,4.2
3821,1400000US39151713100,39151713100,"Census Tract 7131, Stark County, Ohio",4554,57.4,7.7
3822,1400000US39151713201,39151713201,"Census Tract 7132.01, Stark County, Ohio",5829,56.0,9.2
3823,1400000US39151713202,39151713202,"Census Tract 7132.02, Stark County, Ohio",1702,56.9,6.2
3824,1400000US39151713300,39151713300,"Census Tract 7133, Stark County, Ohio",3787,61.3,7.2
3825,1400000US39151713401,39151713401,"Census Tract 7134.01, Stark County, Ohio",4669,62.9,8.0
3826,1400000US39151713402,39151713402,"Census Tract 7134.02, Stark County, Ohio",3471,61.1,8.5
3827,1400000US39151713501,39151713501,"Census Tract 7135.01, Stark County, Ohio",4432,52.6,10.1
3828,1400000US39151713502,39151713502,"Census Tract 7135.02, Stark County, Ohio",4496,60.4,5.0
3829,1400000US39151713600,39151713600,"Census Tract 7136, Stark County, Ohio",2321,58.9,15.4
3830,1400000US39151713700,39151713700,"Census Tract 7137, Stark County, Ohio",1770,63.1,6.3
3831,1400000US39151713900,39151713900,"Census Tract 7139, Stark County, Ohio",1650,61.6,10.3
3832,1400000US39151714000,39151714000,"Census Tract 7140, Stark County, Ohio",3679,54.5,4.8
3833,1400000US39151714100,39151714100,"Census Tract 7141, Stark County, Ohio",2521,56.6,10.4
3834,1400000US39151714200,39151714200,"Census Tract 7142, Stark County, Ohio",1895,47.7,20.3
3835,1400000US39151714302,39151714302,"Census Tract 7143.02, Stark County, Ohio",3500,57.1,10.1
3836,1400000US39151714400,39151714400,"Census Tract 7144, Stark County, Ohio",2903,60.3,6.3
3837,1400000US39151714600,39151714600,"Census Tract 7146, Stark County, Ohio",3662,51.2,4.1
3838,1400000US39151714701,39151714701,"Census Tract 7147.01, Stark County, Ohio",4733,61.3,4.8
3839,1400000US39151714702,39151714702,"Census Tract 7147.02, Stark County, Ohio",2085,61.1,9.8
3840,1400000US39151714801,39151714801,"Census Tract 7148.01, Stark County, Ohio",5395,58.4,6.1
3841,1400000US39151714802,39151714802,"Census Tract 7148.02, Stark County, Ohio",2365,52.5,2.3
3842,1400000US39151714901,39151714901,"Census Tract 7149.01, Stark County, Ohio",3257,57.4,6.8
3843,1400000US39151714902,39151714902,"Census Tract 7149.02, Stark County, Ohio",3008,56.0,8.1
3844,1400000US39151715000,39151715000,"Census Tract 7150, Stark County, Ohio",2273,60.5,15.5
3845,1400000US39153501100,39153501100,"Census Tract 5011, Summit County, Ohio",1232,43.0,18.8
3846,1400000US39153501700,39153501700,"Census Tract 5017, Summit County, Ohio",1364,58.6,12.0
3847,1400000US39153501800,39153501800,"Census Tract 5018, Summit County, Ohio",752,48.8,12.6
3848,1400000US39153501900,39153501900,"Census Tract 5019, Summit County, Ohio",1715,27.4,25.3
3849,1400000US39153502101,39153502101,"Census Tract 5021.01, Summit County, Ohio",2447,52.6,9.4
3850,1400000US39153502102,39153502102,"Census Tract 5021.02, Summit County, Ohio",3664,44.7,17.2
3851,1400000US39153502200,39153502200,"Census Tract 5022, Summit County, Ohio",5295,51.6,12.8
3852,1400000US39153502300,39153502300,"Census Tract 5023, Summit County, Ohio",4273,63.8,12.4
3853,1400000US39153502500,39153502500,"Census Tract 5025, Summit County, Ohio",756,46.0,25.5
3854,1400000US39153502600,39153502600,"Census Tract 5026, Summit County, Ohio",2034,59.5,15.8
3855,1400000US39153502700,39153502700,"Census Tract 5027, Summit County, Ohio",5541,66.3,8.1
3856,1400000US39153502800,39153502800,"Census Tract 5028, Summit County, Ohio",3930,61.6,11.1
3857,1400000US39153503100,39153503100,"Census Tract 5031, Summit County, Ohio",1415,51.7,17.2
3858,1400000US39153503200,39153503200,"Census Tract 5032, Summit County, Ohio",1309,45.8,25.7
3859,1400000US39153503300,39153503300,"Census Tract 5033, Summit County, Ohio",3695,55.7,11.5
3860,1400000US39153503400,39153503400,"Census Tract 5034, Summit County, Ohio",1167,39.5,26.8
3861,1400000US39153503500,39153503500,"Census Tract 5035, Summit County, Ohio",2575,48.2,20.7
3862,1400000US39153503600,39153503600,"Census Tract 5036, Summit County, Ohio",3265,59.7,10.1
3863,1400000US39153503701,39153503701,"Census Tract 5037.01, Summit County, Ohio",4732,58.2,7.4
3864,1400000US39153503702,39153503702,"Census Tract 5037.02, Summit County, Ohio",4711,65.0,10.3
3865,1400000US39153503800,39153503800,"Census Tract 5038, Summit County, Ohio",2714,50.6,22.3
3866,1400000US39153504100,39153504100,"Census Tract 5041, Summit County, Ohio",1245,42.7,20.3
3867,1400000US39153504200,39153504200,"Census Tract 5042, Summit County, Ohio",1683,47.2,18.6
3868,1400000US39153504400,39153504400,"Census Tract 5044, Summit County, Ohio",1033,40.9,25.8
3869,1400000US39153504500,39153504500,"Census Tract 5045, Summit County, Ohio",1426,49.4,21.1
3870,1400000US39153504600,39153504600,"Census Tract 5046, Summit County, Ohio",2603,54.9,18.5
3871,1400000US39153504700,39153504700,"Census Tract 5047, Summit County, Ohio",3653,64.7,8.5
3872,1400000US39153504800,39153504800,"Census Tract 5048, Summit County, Ohio",3883,64.9,2.9
3873,1400000US39153505200,39153505200,"Census Tract 5052, Summit County, Ohio",1038,47.4,14.9
3874,1400000US39153505300,39153505300,"Census Tract 5053, Summit County, Ohio",929,46.7,27.9
3875,1400000US39153505400,39153505400,"Census Tract 5054, Summit County, Ohio",2845,55.0,4.6
3876,1400000US39153505500,39153505500,"Census Tract 5055, Summit County, Ohio",2383,47.0,17.4
3877,1400000US39153505600,39153505600,"Census Tract 5056, Summit County, Ohio",938,48.6,23.6
3878,1400000US39153505700,39153505700,"Census Tract 5057, Summit County, Ohio",1979,47.1,18.2
3879,1400000US39153505800,39153505800,"Census Tract 5058, Summit County, Ohio",4231,54.3,8.4
3880,1400000US39153505900,39153505900,"Census Tract 5059, Summit County, Ohio",2004,57.2,9.6
3881,1400000US39153506100,39153506100,"Census Tract 5061, Summit County, Ohio",4737,60.0,9.0
3882,1400000US39153506200,39153506200,"Census Tract 5062, Summit County, Ohio",3400,53.5,15.0
3883,1400000US39153506400,39153506400,"Census Tract 5064, Summit County, Ohio",2407,61.9,7.3
3884,1400000US39153506500,39153506500,"Census Tract 5065, Summit County, Ohio",1872,39.7,21.0
3885,1400000US39153506600,39153506600,"Census Tract 5066, Summit County, Ohio",2415,54.1,14.8
3886,1400000US39153506700,39153506700,"Census Tract 5067, Summit County, Ohio",1015,28.2,28.7
3887,1400000US39153506800,39153506800,"Census Tract 5068, Summit County, Ohio",1954,25.8,17.4
3888,1400000US39153507101,39153507101,"Census Tract 5071.01, Summit County, Ohio",3350,60.8,1.9
3889,1400000US39153507102,39153507102,"Census Tract 5071.02, Summit County, Ohio",2381,60.1,8.0
3890,1400000US39153507201,39153507201,"Census Tract 5072.01, Summit County, Ohio",2237,56.6,9.6
3891,1400000US39153507202,39153507202,"Census Tract 5072.02, Summit County, Ohio",2995,60.8,5.2
3892,1400000US39153507203,39153507203,"Census Tract 5072.03, Summit County, Ohio",3909,68.6,5.0
3893,1400000US39153507300,39153507300,"Census Tract 5073, Summit County, Ohio",2733,59.6,6.0
3894,1400000US39153507400,39153507400,"Census Tract 5074, Summit County, Ohio",863,41.4,19.6
3895,1400000US39153507500,39153507500,"Census Tract 5075, Summit County, Ohio",4770,56.9,15.4
3896,1400000US39153507600,39153507600,"Census Tract 5076, Summit County, Ohio",3583,61.7,8.0
3897,1400000US39153508000,39153508000,"Census Tract 5080, Summit County, Ohio",3822,65.4,5.1
3898,1400000US39153508301,39153508301,"Census Tract 5083.01, Summit County, Ohio",2120,42.1,20.6
3899,1400000US39153508399,39153508399,"Census Tract 5083.99, Summit County, Ohio",3478,48.7,23.3
3900,1400000US39153508600,39153508600,"Census Tract 5086, Summit County, Ohio",2265,42.4,22.0
3901,1400000US39153508800,39153508800,"Census Tract 5088, Summit County, Ohio",4847,37.7,22.4
3902,1400000US39153508900,39153508900,"Census Tract 5089, Summit County, Ohio",4092,46.4,14.8
3903,1400000US39153509000,39153509000,"Census Tract 5090, Summit County, Ohio",1442,37.0,30.4
3904,1400000US39153510100,39153510100,"Census Tract 5101, Summit County, Ohio",2312,50.3,17.4
3905,1400000US39153510200,39153510200,"Census Tract 5102, Summit County, Ohio",3362,58.0,12.6
3906,1400000US39153510301,39153510301,"Census Tract 5103.01, Summit County, Ohio",3680,41.1,10.4
3907,1400000US39153510302,39153510302,"Census Tract 5103.02, Summit County, Ohio",4953,55.8,10.1
3908,1400000US39153510400,39153510400,"Census Tract 5104, Summit County, Ohio",3025,51.3,11.0
3909,1400000US39153510500,39153510500,"Census Tract 5105, Summit County, Ohio",3709,59.8,10.2
3910,1400000US39153520103,39153520103,"Census Tract 5201.03, Summit County, Ohio",1533,71.2,2.3
3911,1400000US39153520104,39153520104,"Census Tract 5201.04, Summit County, Ohio",3970,70.9,5.8
3912,1400000US39153520105,39153520105,"Census Tract 5201.05, Summit County, Ohio",3271,62.3,6.0
3913,1400000US39153520106,39153520106,"Census Tract 5201.06, Summit County, Ohio",2323,62.0,5.1
3914,1400000US39153520201,39153520201,"Census Tract 5202.01, Summit County, Ohio",2312,67.8,4.0
3915,1400000US39153520202,39153520202,"Census Tract 5202.02, Summit County, Ohio",3618,59.9,5.5
3916,1400000US39153520301,39153520301,"Census Tract 5203.01, Summit County, Ohio",2806,55.6,6.9
3917,1400000US39153520302,39153520302,"Census Tract 5203.02, Summit County, Ohio",2748,64.8,6.3
3918,1400000US39153520400,39153520400,"Census Tract 5204, Summit County, Ohio",3746,61.5,6.8
3919,1400000US39153520500,39153520500,"Census Tract 5205, Summit County, Ohio",3646,68.2,8.6
3920,1400000US39153520600,39153520600,"Census Tract 5206, Summit County, Ohio",3146,54.9,7.3
3921,1400000US39153530101,39153530101,"Census Tract 5301.01, Summit County, Ohio",4014,71.6,3.0
3922,1400000US39153530103,39153530103,"Census Tract 5301.03, Summit County, Ohio",3535,69.8,4.4
3923,1400000US39153530104,39153530104,"Census Tract 5301.04, Summit County, Ohio",5825,67.2,3.7
3924,1400000US39153530105,39153530105,"Census Tract 5301.05, Summit County, Ohio",1755,48.1,13.1
3925,1400000US39153530108,39153530108,"Census Tract 5301.08, Summit County, Ohio",3593,65.4,5.9
3926,1400000US39153530401,39153530401,"Census Tract 5304.01, Summit County, Ohio",3061,65.7,3.9
3927,1400000US39153530402,39153530402,"Census Tract 5304.02, Summit County, Ohio",2775,68.8,5.0
3928,1400000US39153530501,39153530501,"Census Tract 5305.01, Summit County, Ohio",4205,53.6,5.6
3929,1400000US39153530502,39153530502,"Census Tract 5305.02, Summit County, Ohio",2759,60.9,2.6
3930,1400000US39153530603,39153530603,"Census Tract 5306.03, Summit County, Ohio",3944,70.1,2.9
3931,1400000US39153530604,39153530604,"Census Tract 5306.04, Summit County, Ohio",2727,63.2,1.9
3932,1400000US39153530605,39153530605,"Census Tract 5306.05, Summit County, Ohio",4029,69.7,6.9
3933,1400000US39153530606,39153530606,"Census Tract 5306.06, Summit County, Ohio",4406,67.8,8.3
3934,1400000US39153530700,39153530700,"Census Tract 5307, Summit County, Ohio",2148,57.9,3.0
3935,1400000US39153530800,39153530800,"Census Tract 5308, Summit County, Ohio",5375,63.9,4.4
3936,1400000US39153530901,39153530901,"Census Tract 5309.01, Summit County, Ohio",3683,51.7,11.8
3937,1400000US39153530902,39153530902,"Census Tract 5309.02, Summit County, Ohio",5022,55.4,5.2
3938,1400000US39153530903,39153530903,"Census Tract 5309.03, Summit County, Ohio",4192,62.7,7.2
3939,1400000US39153531001,39153531001,"Census Tract 5310.01, Summit County, Ohio",2793,61.4,8.1
3940,1400000US39153531002,39153531002,"Census Tract 5310.02, Summit County, Ohio",4672,54.6,8.1
3941,1400000US39153531101,39153531101,"Census Tract 5311.01, Summit County, Ohio",2727,58.3,14.0
3942,1400000US39153531102,39153531102,"Census Tract 5311.02, Summit County, Ohio",3580,55.5,7.9
3943,1400000US39153531103,39153531103,"Census Tract 5311.03, Summit County, Ohio",2525,56.8,8.5
3944,1400000US39153531401,39153531401,"Census Tract 5314.01, Summit County, Ohio",5810,59.1,6.6
3945,1400000US39153531405,39153531405,"Census Tract 5314.05, Summit County, Ohio",3609,64.3,4.2
3946,1400000US39153531500,39153531500,"Census Tract 5315, Summit County, Ohio",6883,65.8,4.1
3947,1400000US39153531601,39153531601,"Census Tract 5316.01, Summit County, Ohio",3795,60.4,5.3
3948,1400000US39153531602,39153531602,"Census Tract 5316.02, Summit County, Ohio",2436,61.7,3.8
3949,1400000US39153531701,39153531701,"Census Tract 5317.01, Summit County, Ohio",3040,61.5,8.7
3950,1400000US39153531702,39153531702,"Census Tract 5317.02, Summit County, Ohio",3738,57.8,11.3
3951,1400000US39153531801,39153531801,"Census Tract 5318.01, Summit County, Ohio",4858,68.7,7.8
3952,1400000US39153531802,39153531802,"Census Tract 5318.02, Summit County, Ohio",3813,61.3,7.3
3953,1400000US39153532001,39153532001,"Census Tract 5320.01, Summit County, Ohio",2833,62.1,5.7
3954,1400000US39153532003,39153532003,"Census Tract 5320.03, Summit County, Ohio",3405,61.5,5.0
3955,1400000US39153532004,39153532004,"Census Tract 5320.04, Summit County, Ohio",3311,65.0,5.5
3956,1400000US39153532202,39153532202,"Census Tract 5322.02, Summit County, Ohio",5514,59.9,6.6
3957,1400000US39153532301,39153532301,"Census Tract 5323.01, Summit County, Ohio",4538,59.1,2.2
3958,1400000US39153532302,39153532302,"Census Tract 5323.02, Summit County, Ohio",4514,61.2,2.3
3959,1400000US39153532501,39153532501,"Census Tract 5325.01, Summit County, Ohio",2687,55.0,4.7
3960,1400000US39153532502,39153532502,"Census Tract 5325.02, Summit County, Ohio",2476,58.3,5.2
3961,1400000US39153532600,39153532600,"Census Tract 5326, Summit County, Ohio",2444,69.6,4.9
3962,1400000US39153532701,39153532701,"Census Tract 5327.01, Summit County, Ohio",5889,71.5,3.9
3963,1400000US39153532702,39153532702,"Census Tract 5327.02, Summit County, Ohio",3116,60.0,8.9
3964,1400000US39153532703,39153532703,"Census Tract 5327.03, Summit County, Ohio",4730,71.5,4.0
3965,1400000US39153532705,39153532705,"Census Tract 5327.05, Summit County, Ohio",6100,57.6,4.7
3966,1400000US39153532706,39153532706,"Census Tract 5327.06, Summit County, Ohio",3172,66.7,5.3
3967,1400000US39153532708,39153532708,"Census Tract 5327.08, Summit County, Ohio",4462,60.4,6.9
3968,1400000US39153532901,39153532901,"Census Tract 5329.01, Summit County, Ohio",1273,57.9,4.0
3969,1400000US39153532902,39153532902,"Census Tract 5329.02, Summit County, Ohio",6699,61.7,3.7
3970,1400000US39153532999,39153532999,"Census Tract 5329.99, Summit County, Ohio",4835,59.9,8.4
3971,1400000US39153533000,39153533000,"Census Tract 5330, Summit County, Ohio",1323,63.9,4.0
3972,1400000US39153533101,39153533101,"Census Tract 5331.01, Summit County, Ohio",3604,62.6,3.9
3973,1400000US39153533102,39153533102,"Census Tract 5331.02, Summit County, Ohio",2117,57.2,9.8
3974,1400000US39153533200,39153533200,"Census Tract 5332, Summit County, Ohio",4110,64.1,7.1
3975,1400000US39153533400,39153533400,"Census Tract 5334, Summit County, Ohio",4894,64.2,7.2
3976,1400000US39153533501,39153533501,"Census Tract 5335.01, Summit County, Ohio",6400,66.3,1.1
3977,1400000US39153533502,39153533502,"Census Tract 5335.02, Summit County, Ohio",3132,59.8,7.0
3978,1400000US39153534000,39153534000,"Census Tract 5340, Summit County, Ohio",5298,59.2,3.4
3979,1400000US39153534100,39153534100,"Census Tract 5341, Summit County, Ohio",2061,61.5,5.0
3980,1400000US39155920300,39155920300,"Census Tract 9203, Trumbull County, Ohio",2335,55.9,7.4
3981,1400000US39155920400,39155920400,"Census Tract 9204, Trumbull County, Ohio",1784,57.1,8.4
3982,1400000US39155920500,39155920500,"Census Tract 9205, Trumbull County, Ohio",746,34.5,18.9
3983,1400000US39155920600,39155920600,"Census Tract 9206, Trumbull County, Ohio",2620,39.6,18.7
3984,1400000US39155920700,39155920700,"Census Tract 9207, Trumbull County, Ohio",4039,28.0,9.9
3985,1400000US39155920800,39155920800,"Census Tract 9208, Trumbull County, Ohio",1661,34.4,15.9
3986,1400000US39155920900,39155920900,"Census Tract 9209, Trumbull County, Ohio",2753,43.6,13.0
3987,1400000US39155921000,39155921000,"Census Tract 9210, Trumbull County, Ohio",4369,52.4,10.0
3988,1400000US39155921100,39155921100,"Census Tract 9211, Trumbull County, Ohio",3156,45.4,8.1
3989,1400000US39155921200,39155921200,"Census Tract 9212, Trumbull County, Ohio",1460,45.7,21.0
3990,1400000US39155921300,39155921300,"Census Tract 9213, Trumbull County, Ohio",2104,47.9,4.7
3991,1400000US39155921400,39155921400,"Census Tract 9214, Trumbull County, Ohio",2890,51.6,5.8
3992,1400000US39155921500,39155921500,"Census Tract 9215, Trumbull County, Ohio",4235,55.6,6.4
3993,1400000US39155921600,39155921600,"Census Tract 9216, Trumbull County, Ohio",3121,49.8,6.2
3994,1400000US39155930101,39155930101,"Census Tract 9301.01, Trumbull County, Ohio",2455,54.3,7.0
3995,1400000US39155930102,39155930102,"Census Tract 9301.02, Trumbull County, Ohio",2106,61.9,3.1
3996,1400000US39155930200,39155930200,"Census Tract 9302, Trumbull County, Ohio",2240,56.4,8.1
3997,1400000US39155930300,39155930300,"Census Tract 9303, Trumbull County, Ohio",3007,56.5,7.1
3998,1400000US39155930400,39155930400,"Census Tract 9304, Trumbull County, Ohio",3325,56.4,5.7
3999,1400000US39155930500,39155930500,"Census Tract 9305, Trumbull County, Ohio",3648,60.4,4.5
4000,1400000US39155930600,39155930600,"Census Tract 9306, Trumbull County, Ohio",2965,56.2,5.7
4001,1400000US39155930700,39155930700,"Census Tract 9307, Trumbull County, Ohio",3386,55.9,4.9
4002,1400000US39155930800,39155930800,"Census Tract 9308, Trumbull County, Ohio",3930,53.1,4.3
4003,1400000US39155930900,39155930900,"Census Tract 9309, Trumbull County, Ohio",5988,55.5,5.4
4004,1400000US39155931000,39155931000,"Census Tract 9310, Trumbull County, Ohio",4875,54.7,6.0
4005,1400000US39155931100,39155931100,"Census Tract 9311, Trumbull County, Ohio",2183,57.8,8.1
4006,1400000US39155931200,39155931200,"Census Tract 9312, Trumbull County, Ohio",3255,46.8,11.0
4007,1400000US39155931300,39155931300,"Census Tract 9313, Trumbull County, Ohio",3634,50.7,6.2
4008,1400000US39155931400,39155931400,"Census Tract 9314, Trumbull County, Ohio",3553,56.7,4.2
4009,1400000US39155931500,39155931500,"Census Tract 9315, Trumbull County, Ohio",3206,58.2,5.4
4010,1400000US39155931601,39155931601,"Census Tract 9316.01, Trumbull County, Ohio",3328,57.3,4.1
4011,1400000US39155931602,39155931602,"Census Tract 9316.02, Trumbull County, Ohio",2656,55.6,5.6
4012,1400000US39155931700,39155931700,"Census Tract 9317, Trumbull County, Ohio",1687,46.5,12.5
4013,1400000US39155931900,39155931900,"Census Tract 9319, Trumbull County, Ohio",5262,55.4,4.5
4014,1400000US39155932000,39155932000,"Census Tract 9320, Trumbull County, Ohio",4938,58.0,7.1
4015,1400000US39155932200,39155932200,"Census Tract 9322, Trumbull County, Ohio",2099,53.9,5.8
4016,1400000US39155932300,39155932300,"Census Tract 9323, Trumbull County, Ohio",4689,53.7,5.7
4017,1400000US39155932500,39155932500,"Census Tract 9325, Trumbull County, Ohio",2502,56.4,8.5
4018,1400000US39155932600,39155932600,"Census Tract 9326, Trumbull County, Ohio",2743,51.6,7.9
4019,1400000US39155932701,39155932701,"Census Tract 9327.01, Trumbull County, Ohio",4920,50.5,10.2
4020,1400000US39155932702,39155932702,"Census Tract 9327.02, Trumbull County, Ohio",1879,54.3,8.0
4021,1400000US39155932801,39155932801,"Census Tract 9328.01, Trumbull County, Ohio",2331,50.5,9.0
4022,1400000US39155932802,39155932802,"Census Tract 9328.02, Trumbull County, Ohio",2801,50.2,11.7
4023,1400000US39155932900,39155932900,"Census Tract 9329, Trumbull County, Ohio",2080,51.6,6.8
4024,1400000US39155933001,39155933001,"Census Tract 9330.01, Trumbull County, Ohio",4817,51.9,4.1
4025,1400000US39155933002,39155933002,"Census Tract 9330.02, Trumbull County, Ohio",3576,60.0,4.4
4026,1400000US39155933100,39155933100,"Census Tract 9331, Trumbull County, Ohio",2095,56.4,7.7
4027,1400000US39155933301,39155933301,"Census Tract 9333.01, Trumbull County, Ohio",2350,48.0,9.0
4028,1400000US39155933302,39155933302,"Census Tract 9333.02, Trumbull County, Ohio",3772,53.4,7.0
4029,1400000US39155933400,39155933400,"Census Tract 9334, Trumbull County, Ohio",2911,54.3,4.5
4030,1400000US39155933500,39155933500,"Census Tract 9335, Trumbull County, Ohio",3246,52.2,10.5
4031,1400000US39155933600,39155933600,"Census Tract 9336, Trumbull County, Ohio",4178,53.2,10.1
4032,1400000US39155933700,39155933700,"Census Tract 9337, Trumbull County, Ohio",2321,50.2,13.3
4033,1400000US39155933800,39155933800,"Census Tract 9338, Trumbull County, Ohio",2134,44.5,9.4
4034,1400000US39155933900,39155933900,"Census Tract 9339, Trumbull County, Ohio",1665,50.1,12.9
4035,1400000US39157020100,39157020100,"Census Tract 201, Tuscarawas County, Ohio",4236,61.6,5.7
4036,1400000US39157020200,39157020200,"Census Tract 202, Tuscarawas County, Ohio",3226,57.2,6.9
4037,1400000US39157020300,39157020300,"Census Tract 203, Tuscarawas County, Ohio",2904,62.6,6.3
4038,1400000US39157020400,39157020400,"Census Tract 204, Tuscarawas County, Ohio",4751,56.6,7.2
4039,1400000US39157020500,39157020500,"Census Tract 205, Tuscarawas County, Ohio",3782,60.6,0.7
4040,1400000US39157020600,39157020600,"Census Tract 206, Tuscarawas County, Ohio",4225,57.2,5.6
4041,1400000US39157020700,39157020700,"Census Tract 207, Tuscarawas County, Ohio",4908,56.6,11.0
4042,1400000US39157020800,39157020800,"Census Tract 208, Tuscarawas County, Ohio",4763,59.0,9.3
4043,1400000US39157020900,39157020900,"Census Tract 209, Tuscarawas County, Ohio",3403,56.2,5.3
4044,1400000US39157021000,39157021000,"Census Tract 210, Tuscarawas County, Ohio",3981,63.1,4.6
4045,1400000US39157021100,39157021100,"Census Tract 211, Tuscarawas County, Ohio",2330,38.1,8.7
4046,1400000US39157021200,39157021200,"Census Tract 212, Tuscarawas County, Ohio",2209,58.6,8.7
4047,1400000US39157021300,39157021300,"Census Tract 213, Tuscarawas County, Ohio",3628,69.7,3.2
4048,1400000US39157021400,39157021400,"Census Tract 214, Tuscarawas County, Ohio",1896,66.4,4.7
4049,1400000US39157021500,39157021500,"Census Tract 215, Tuscarawas County, Ohio",6037,61.9,5.9
4050,1400000US39157021600,39157021600,"Census Tract 216, Tuscarawas County, Ohio",3556,57.5,8.2
4051,1400000US39157021700,39157021700,"Census Tract 217, Tuscarawas County, Ohio",4318,50.9,9.7
4052,1400000US39157021800,39157021800,"Census Tract 218, Tuscarawas County, Ohio",2127,55.7,11.1
4053,1400000US39157021900,39157021900,"Census Tract 219, Tuscarawas County, Ohio",2026,56.0,8.5
4054,1400000US39157022001,39157022001,"Census Tract 220.01, Tuscarawas County, Ohio",2732,57.2,3.3
4055,1400000US39157022002,39157022002,"Census Tract 220.02, Tuscarawas County, Ohio",2685,50.9,15.7
4056,1400000US39159050100,39159050100,"Census Tract 501, Union County, Ohio",2914,64.3,6.1
4057,1400000US39159050200,39159050200,"Census Tract 502, Union County, Ohio",3863,60.4,5.2
4058,1400000US39159050301,39159050301,"Census Tract 503.01, Union County, Ohio",2722,65.2,3.1
4059,1400000US39159050303,39159050303,"Census Tract 503.03, Union County, Ohio",4573,74.5,2.1
4060,1400000US39159050304,39159050304,"Census Tract 503.04, Union County, Ohio",1890,65.2,3.3
4061,1400000US39159050400,39159050400,"Census Tract 504, Union County, Ohio",8059,44.9,4.2
4062,1400000US39159050500,39159050500,"Census Tract 505, Union County, Ohio",4205,53.0,9.0
4063,1400000US39159050601,39159050601,"Census Tract 506.01, Union County, Ohio",3632,71.3,1.6
4064,1400000US39159050602,39159050602,"Census Tract 506.02, Union County, Ohio",3383,72.9,7.0
4065,1400000US39159050700,39159050700,"Census Tract 507, Union County, Ohio",5876,65.2,1.8
4066,1400000US39161020100,39161020100,"Census Tract 201, Van Wert County, Ohio",2933,68.8,4.4
4067,1400000US39161020200,39161020200,"Census Tract 202, Van Wert County, Ohio",3509,61.3,1.7
4068,1400000US39161020300,39161020300,"Census Tract 203, Van Wert County, Ohio",2136,63.7,5.7
4069,1400000US39161020400,39161020400,"Census Tract 204, Van Wert County, Ohio",2452,59.2,6.9
4070,1400000US39161020500,39161020500,"Census Tract 205, Van Wert County, Ohio",2664,56.3,10.9
4071,1400000US39161020600,39161020600,"Census Tract 206, Van Wert County, Ohio",1339,55.3,13.5
4072,1400000US39161020700,39161020700,"Census Tract 207, Van Wert County, Ohio",1299,61.6,6.5
4073,1400000US39161020800,39161020800,"Census Tract 208, Van Wert County, Ohio",3459,48.8,10.5
4074,1400000US39161020900,39161020900,"Census Tract 209, Van Wert County, Ohio",2815,51.6,11.5
4075,1400000US39163953000,39163953000,"Census Tract 9530, Vinton County, Ohio",3995,48.1,13.1
4076,1400000US39163953100,39163953100,"Census Tract 9531, Vinton County, Ohio",3959,49.8,11.5
4077,1400000US39163953200,39163953200,"Census Tract 9532, Vinton County, Ohio",2510,46.5,11.1
4078,1400000US39165030101,39165030101,"Census Tract 301.01, Warren County, Ohio",3484,63.7,8.7
4079,1400000US39165030102,39165030102,"Census Tract 301.02, Warren County, Ohio",3217,59.9,6.3
4080,1400000US39165030200,39165030200,"Census Tract 302, Warren County, Ohio",1036,45.7,12.2
4081,1400000US39165030501,39165030501,"Census Tract 305.01, Warren County, Ohio",2960,52.8,10.7
4082,1400000US39165030503,39165030503,"Census Tract 305.03, Warren County, Ohio",4223,62.3,5.8
4083,1400000US39165030504,39165030504,"Census Tract 305.04, Warren County, Ohio",3707,64.5,4.5
4084,1400000US39165030600,39165030600,"Census Tract 306, Warren County, Ohio",3117,62.8,4.3
4085,1400000US39165030700,39165030700,"Census Tract 307, Warren County, Ohio",5514,59.0,10.4
4086,1400000US39165030800,39165030800,"Census Tract 308, Warren County, Ohio",4963,66.6,3.9
4087,1400000US39165030900,39165030900,"Census Tract 309, Warren County, Ohio",9799,62.8,5.6
4088,1400000US39165031000,39165031000,"Census Tract 310, Warren County, Ohio",6833,64.0,4.9
4089,1400000US39165031100,39165031100,"Census Tract 311, Warren County, Ohio",3123,69.4,6.0
4090,1400000US39165031200,39165031200,"Census Tract 312, Warren County, Ohio",5880,68.5,5.3
4091,1400000US39165031300,39165031300,"Census Tract 313, Warren County, Ohio",3673,62.3,4.9
4092,1400000US39165031400,39165031400,"Census Tract 314, Warren County, Ohio",3940,58.0,15.9
4093,1400000US39165031500,39165031500,"Census Tract 315, Warren County, Ohio",3847,64.1,7.6
4094,1400000US39165031600,39165031600,"Census Tract 316, Warren County, Ohio",6626,57.5,6.9
4095,1400000US39165031700,39165031700,"Census Tract 317, Warren County, Ohio",4580,0.0,-
4096,1400000US39165031902,39165031902,"Census Tract 319.02, Warren County, Ohio",8045,67.2,4.8
4097,1400000US39165031903,39165031903,"Census Tract 319.03, Warren County, Ohio",11317,65.6,2.8
4098,1400000US39165031904,39165031904,"Census Tract 319.04, Warren County, Ohio",5195,61.6,7.9
4099,1400000US39165032003,39165032003,"Census Tract 320.03, Warren County, Ohio",5302,70.6,3.9
4100,1400000US39165032004,39165032004,"Census Tract 320.04, Warren County, Ohio",4461,75.1,4.3
4101,1400000US39165032005,39165032005,"Census Tract 320.05, Warren County, Ohio",7885,59.9,3.6
4102,1400000US39165032006,39165032006,"Census Tract 320.06, Warren County, Ohio",3229,69.4,4.1
4103,1400000US39165032007,39165032007,"Census Tract 320.07, Warren County, Ohio",5207,71.9,3.0
4104,1400000US39165032100,39165032100,"Census Tract 321, Warren County, Ohio",4911,60.3,9.1
4105,1400000US39165032201,39165032201,"Census Tract 322.01, Warren County, Ohio",14701,69.4,7.5
4106,1400000US39165032202,39165032202,"Census Tract 322.02, Warren County, Ohio",4081,68.5,2.5
4107,1400000US39165032300,39165032300,"Census Tract 323, Warren County, Ohio",3741,62.0,5.0
4108,1400000US39165032400,39165032400,"Census Tract 324, Warren County, Ohio",3856,61.8,8.8
4109,1400000US39165032501,39165032501,"Census Tract 325.01, Warren County, Ohio",2841,66.2,4.7
4110,1400000US39165032502,39165032502,"Census Tract 325.02, Warren County, Ohio",3323,53.7,13.0
4111,1400000US39167020101,39167020101,"Census Tract 201.01, Washington County, Ohio",3260,46.1,2.8
4112,1400000US39167020102,39167020102,"Census Tract 201.02, Washington County, Ohio",1853,50.1,6.5
4113,1400000US39167020200,39167020200,"Census Tract 202, Washington County, Ohio",5379,46.1,9.2
4114,1400000US39167020300,39167020300,"Census Tract 203, Washington County, Ohio",2862,53.7,7.7
4115,1400000US39167020400,39167020400,"Census Tract 204, Washington County, Ohio",1972,52.7,7.4
4116,1400000US39167020500,39167020500,"Census Tract 205, Washington County, Ohio",2252,45.3,5.3
4117,1400000US39167020800,39167020800,"Census Tract 208, Washington County, Ohio",3211,59.2,7.2
4118,1400000US39167020900,39167020900,"Census Tract 209, Washington County, Ohio",2064,40.3,10.9
4119,1400000US39167021000,39167021000,"Census Tract 210, Washington County, Ohio",3115,49.9,12.5
4120,1400000US39167021100,39167021100,"Census Tract 211, Washington County, Ohio",3231,57.8,7.5
4121,1400000US39167021200,39167021200,"Census Tract 212, Washington County, Ohio",4849,56.3,3.3
4122,1400000US39167021300,39167021300,"Census Tract 213, Washington County, Ohio",4081,50.7,3.6
4123,1400000US39167021400,39167021400,"Census Tract 214, Washington County, Ohio",3299,57.6,7.7
4124,1400000US39167021500,39167021500,"Census Tract 215, Washington County, Ohio",1215,56.5,3.9
4125,1400000US39167021600,39167021600,"Census Tract 216, Washington County, Ohio",2979,59.4,3.0
4126,1400000US39167021700,39167021700,"Census Tract 217, Washington County, Ohio",4874,46.5,9.4
4127,1400000US39169000100,39169000100,"Census Tract 1, Wayne County, Ohio",3057,64.0,5.3
4128,1400000US39169000200,39169000200,"Census Tract 2, Wayne County, Ohio",2379,59.1,6.5
4129,1400000US39169000300,39169000300,"Census Tract 3, Wayne County, Ohio",2422,57.8,4.6
4130,1400000US39169000500,39169000500,"Census Tract 5, Wayne County, Ohio",3476,54.7,8.9
4131,1400000US39169000600,39169000600,"Census Tract 6, Wayne County, Ohio",4311,62.3,3.6
4132,1400000US39169000700,39169000700,"Census Tract 7, Wayne County, Ohio",5909,58.5,3.4
4133,1400000US39169000800,39169000800,"Census Tract 8, Wayne County, Ohio",5691,53.6,2.4
4134,1400000US39169000900,39169000900,"Census Tract 9, Wayne County, Ohio",3095,68.3,5.2
4135,1400000US39169001000,39169001000,"Census Tract 10, Wayne County, Ohio",2293,61.5,4.4
4136,1400000US39169001100,39169001100,"Census Tract 11, Wayne County, Ohio",1144,57.1,2.5
4137,1400000US39169001200,39169001200,"Census Tract 12, Wayne County, Ohio",979,56.9,10.7
4138,1400000US39169001300,39169001300,"Census Tract 13, Wayne County, Ohio",3280,63.3,5.8
4139,1400000US39169001400,39169001400,"Census Tract 14, Wayne County, Ohio",2370,62.9,4.1
4140,1400000US39169001700,39169001700,"Census Tract 17, Wayne County, Ohio",4781,59.6,2.7
4141,1400000US39169001800,39169001800,"Census Tract 18, Wayne County, Ohio",2871,62.3,2.5
4142,1400000US39169001900,39169001900,"Census Tract 19, Wayne County, Ohio",2465,58.4,6.4
4143,1400000US39169002000,39169002000,"Census Tract 20, Wayne County, Ohio",2568,62.7,5.0
4144,1400000US39169002100,39169002100,"Census Tract 21, Wayne County, Ohio",2124,65.9,3.0
4145,1400000US39169002200,39169002200,"Census Tract 22, Wayne County, Ohio",3146,59.0,11.3
4146,1400000US39169002300,39169002300,"Census Tract 23, Wayne County, Ohio",2355,61.0,3.6
4147,1400000US39169002400,39169002400,"Census Tract 24, Wayne County, Ohio",2866,62.6,5.0
4148,1400000US39169002500,39169002500,"Census Tract 25, Wayne County, Ohio",2108,58.8,4.2
4149,1400000US39169002901,39169002901,"Census Tract 29.01, Wayne County, Ohio",2835,56.0,8.7
4150,1400000US39169002902,39169002902,"Census Tract 29.02, Wayne County, Ohio",4345,62.0,2.7
4151,1400000US39169003000,39169003000,"Census Tract 30, Wayne County, Ohio",1737,63.3,4.6
4152,1400000US39169003100,39169003100,"Census Tract 31, Wayne County, Ohio",1689,66.5,3.6
4153,1400000US39169003200,39169003200,"Census Tract 32, Wayne County, Ohio",2847,63.0,2.6
4154,1400000US39169003300,39169003300,"Census Tract 33, Wayne County, Ohio",2050,60.1,1.8
4155,1400000US39169003400,39169003400,"Census Tract 34, Wayne County, Ohio",2556,57.2,11.2
4156,1400000US39169003500,39169003500,"Census Tract 35, Wayne County, Ohio",2762,60.7,2.4
4157,1400000US39169003700,39169003700,"Census Tract 37, Wayne County, Ohio",2557,64.9,5.8
4158,1400000US39169980000,39169980000,"Census Tract 9800, Wayne County, Ohio",1049,57.4,7.8
4159,1400000US39171950100,39171950100,"Census Tract 9501, Williams County, Ohio",3844,64.4,7.9
4160,1400000US39171950200,39171950200,"Census Tract 9502, Williams County, Ohio",3164,56.6,10.1
4161,1400000US39171950300,39171950300,"Census Tract 9503, Williams County, Ohio",3391,59.3,6.9
4162,1400000US39171950400,39171950400,"Census Tract 9504, Williams County, Ohio",3699,61.5,4.7
4163,1400000US39171950500,39171950500,"Census Tract 9505, Williams County, Ohio",3397,49.5,4.3
4164,1400000US39171950600,39171950600,"Census Tract 9506, Williams County, Ohio",3602,50.9,12.8
4165,1400000US39171950700,39171950700,"Census Tract 9507, Williams County, Ohio",3543,56.4,7.2
4166,1400000US39171950800,39171950800,"Census Tract 9508, Williams County, Ohio",2825,58.7,3.7
4167,1400000US39171950900,39171950900,"Census Tract 9509, Williams County, Ohio",2327,60.1,4.8
4168,1400000US39173020100,39173020100,"Census Tract 201, Wood County, Ohio",4321,58.5,9.3
4169,1400000US39173020200,39173020200,"Census Tract 202, Wood County, Ohio",2411,62.1,3.9
4170,1400000US39173020300,39173020300,"Census Tract 203, Wood County, Ohio",3933,68.6,6.3
4171,1400000US39173020401,39173020401,"Census Tract 204.01, Wood County, Ohio",4548,57.6,5.5
4172,1400000US39173020402,39173020402,"Census Tract 204.02, Wood County, Ohio",4219,69.7,3.3
4173,1400000US39173020500,39173020500,"Census Tract 205, Wood County, Ohio",1837,69.4,3.5
4174,1400000US39173020601,39173020601,"Census Tract 206.01, Wood County, Ohio",3218,61.4,7.8
4175,1400000US39173020602,39173020602,"Census Tract 206.02, Wood County, Ohio",5165,66.2,5.1
4176,1400000US39173020700,39173020700,"Census Tract 207, Wood County, Ohio",5816,65.9,5.6
4177,1400000US39173020800,39173020800,"Census Tract 208, Wood County, Ohio",3432,55.5,6.3
4178,1400000US39173020900,39173020900,"Census Tract 209, Wood County, Ohio",5622,65.7,5.1
4179,1400000US39173021000,39173021000,"Census Tract 210, Wood County, Ohio",3155,61.5,8.6
4180,1400000US39173021100,39173021100,"Census Tract 211, Wood County, Ohio",3063,54.9,5.9
4181,1400000US39173021200,39173021200,"Census Tract 212, Wood County, Ohio",4379,66.9,7.7
4182,1400000US39173021300,39173021300,"Census Tract 213, Wood County, Ohio",3110,66.7,4.3
4183,1400000US39173021400,39173021400,"Census Tract 214, Wood County, Ohio",2585,61.4,8.1
4184,1400000US39173021500,39173021500,"Census Tract 215, Wood County, Ohio",1944,63.4,5.4
4185,1400000US39173021600,39173021600,"Census Tract 216, Wood County, Ohio",5384,61.6,8.0
4186,1400000US39173021701,39173021701,"Census Tract 217.01, Wood County, Ohio",3176,65.4,5.0
4187,1400000US39173021702,39173021702,"Census Tract 217.02, Wood County, Ohio",4505,73.1,6.7
4188,1400000US39173021800,39173021800,"Census Tract 218, Wood County, Ohio",5628,34.2,29.7
4189,1400000US39173021901,39173021901,"Census Tract 219.01, Wood County, Ohio",3261,65.2,4.1
4190,1400000US39173021902,39173021902,"Census Tract 219.02, Wood County, Ohio",5100,64.1,7.8
4191,1400000US39173022100,39173022100,"Census Tract 221, Wood County, Ohio",3406,58.3,8.4
4192,1400000US39173022200,39173022200,"Census Tract 222, Wood County, Ohio",2255,59.5,8.5
4193,1400000US39173022300,39173022300,"Census Tract 223, Wood County, Ohio",3145,63.6,5.7
4194,1400000US39173022400,39173022400,"Census Tract 224, Wood County, Ohio",2850,62.5,7.1
4195,1400000US39173022500,39173022500,"Census Tract 225, Wood County, Ohio",3921,63.0,5.1
4196,1400000US39175938000,39175938000,"Census Tract 9380, Wyandot County, Ohio",3338,63.4,5.1
4197,1400000US39175938100,39175938100,"Census Tract 9381, Wyandot County, Ohio",3405,61.3,7.2
4198,1400000US39175938200,39175938200,"Census Tract 9382, Wyandot County, Ohio",2980,64.1,6.7
4199,1400000US39175938300,39175938300,"Census Tract 9383, Wyandot County, Ohio",3051,57.4,11.3
4200,1400000US39175938400,39175938400,"Census Tract 9384, Wyandot County, Ohio",2592,64.9,3.6
4201,1400000US39175938500,39175938500,"Census Tract 9385, Wyandot County, Ohio",2363,62.5,5.5
4202,1400000US47001020100,47001020100,"Census Tract 201, Anderson County, Tennessee",2329,53.2,12.0
4203,1400000US47001020201,47001020201,"Census Tract 202.01, Anderson County, Tennessee",3488,60.6,4.6
4204,1400000US47001020202,47001020202,"Census Tract 202.02, Anderson County, Tennessee",3444,52.4,6.6
4205,1400000US47001020300,47001020300,"Census Tract 203, Anderson County, Tennessee",2945,64.1,3.8
4206,1400000US47001020400,47001020400,"Census Tract 204, Anderson County, Tennessee",3512,47.1,22.8
4207,1400000US47001020500,47001020500,"Census Tract 205, Anderson County, Tennessee",3065,56.6,7.8
4208,1400000US47001020600,47001020600,"Census Tract 206, Anderson County, Tennessee",2131,60.2,7.2
4209,1400000US47001020700,47001020700,"Census Tract 207, Anderson County, Tennessee",1220,38.4,5.1
4210,1400000US47001020800,47001020800,"Census Tract 208, Anderson County, Tennessee",3673,42.4,9.4
4211,1400000US47001020901,47001020901,"Census Tract 209.01, Anderson County, Tennessee",5314,49.5,7.0
4212,1400000US47001020902,47001020902,"Census Tract 209.02, Anderson County, Tennessee",4935,54.9,8.1
4213,1400000US47001021000,47001021000,"Census Tract 210, Anderson County, Tennessee",4592,50.5,7.0
4214,1400000US47001021100,47001021100,"Census Tract 211, Anderson County, Tennessee",3167,53.6,5.8
4215,1400000US47001021201,47001021201,"Census Tract 212.01, Anderson County, Tennessee",4216,46.5,7.1
4216,1400000US47001021202,47001021202,"Census Tract 212.02, Anderson County, Tennessee",4307,46.3,7.4
4217,1400000US47001021301,47001021301,"Census Tract 213.01, Anderson County, Tennessee",2758,50.6,3.2
4218,1400000US47001021302,47001021302,"Census Tract 213.02, Anderson County, Tennessee",6214,54.1,4.9
4219,1400000US47001980100,47001980100,"Census Tract 9801, Anderson County, Tennessee",0,-,-
4220,1400000US47003950100,47003950100,"Census Tract 9501, Bedford County, Tennessee",2991,63.7,6.9
4221,1400000US47003950200,47003950200,"Census Tract 9502, Bedford County, Tennessee",5391,60.6,6.7
4222,1400000US47003950300,47003950300,"Census Tract 9503, Bedford County, Tennessee",2925,53.1,8.5
4223,1400000US47003950401,47003950401,"Census Tract 9504.01, Bedford County, Tennessee",4386,55.0,7.8
4224,1400000US47003950402,47003950402,"Census Tract 9504.02, Bedford County, Tennessee",5159,51.9,7.2
4225,1400000US47003950500,47003950500,"Census Tract 9505, Bedford County, Tennessee",4286,59.1,7.3
4226,1400000US47003950600,47003950600,"Census Tract 9506, Bedford County, Tennessee",5748,52.4,8.6
4227,1400000US47003950700,47003950700,"Census Tract 9507, Bedford County, Tennessee",2058,57.3,11.2
4228,1400000US47003950800,47003950800,"Census Tract 9508, Bedford County, Tennessee",2288,61.2,6.7
4229,1400000US47005963000,47005963000,"Census Tract 9630, Benton County, Tennessee",2704,39.2,13.6
4230,1400000US47005963100,47005963100,"Census Tract 9631, Benton County, Tennessee",2566,45.1,15.4
4231,1400000US47005963200,47005963200,"Census Tract 9632, Benton County, Tennessee",1958,44.4,16.0
4232,1400000US47005963300,47005963300,"Census Tract 9633, Benton County, Tennessee",3030,41.0,13.9
4233,1400000US47005963400,47005963400,"Census Tract 9634, Benton County, Tennessee",3245,46.7,13.3
4234,1400000US47007953000,47007953000,"Census Tract 9530, Bledsoe County, Tennessee",2867,49.0,5.0
4235,1400000US47007953100,47007953100,"Census Tract 9531, Bledsoe County, Tennessee",4711,48.8,8.9
4236,1400000US47007953200,47007953200,"Census Tract 9532, Bledsoe County, Tennessee",3787,27.3,16.4
4237,1400000US47009010100,47009010100,"Census Tract 101, Blount County, Tennessee",2285,48.3,7.2
4238,1400000US47009010200,47009010200,"Census Tract 102, Blount County, Tennessee",4740,56.1,7.2
4239,1400000US47009010301,47009010301,"Census Tract 103.01, Blount County, Tennessee",4532,67.6,6.8
4240,1400000US47009010302,47009010302,"Census Tract 103.02, Blount County, Tennessee",2350,58.8,3.8
4241,1400000US47009010400,47009010400,"Census Tract 104, Blount County, Tennessee",2496,52.4,7.7
4242,1400000US47009010500,47009010500,"Census Tract 105, Blount County, Tennessee",1881,52.4,7.7
4243,1400000US47009010600,47009010600,"Census Tract 106, Blount County, Tennessee",3691,46.6,7.1
4244,1400000US47009010700,47009010700,"Census Tract 107, Blount County, Tennessee",3587,57.9,4.0
4245,1400000US47009010800,47009010800,"Census Tract 108, Blount County, Tennessee",1991,46.9,9.9
4246,1400000US47009010900,47009010900,"Census Tract 109, Blount County, Tennessee",4839,64.5,7.5
4247,1400000US47009011001,47009011001,"Census Tract 110.01, Blount County, Tennessee",4960,53.9,8.7
4248,1400000US47009011002,47009011002,"Census Tract 110.02, Blount County, Tennessee",3483,54.1,5.7
4249,1400000US47009011101,47009011101,"Census Tract 111.01, Blount County, Tennessee",3897,50.9,4.7
4250,1400000US47009011102,47009011102,"Census Tract 111.02, Blount County, Tennessee",7412,56.0,6.5
4251,1400000US47009011200,47009011200,"Census Tract 112, Blount County, Tennessee",6361,56.0,4.9
4252,1400000US47009011301,47009011301,"Census Tract 113.01, Blount County, Tennessee",4767,56.7,7.2
4253,1400000US47009011302,47009011302,"Census Tract 113.02, Blount County, Tennessee",4803,52.0,17.8
4254,1400000US47009011401,47009011401,"Census Tract 114.01, Blount County, Tennessee",1425,38.3,6.8
4255,1400000US47009011402,47009011402,"Census Tract 114.02, Blount County, Tennessee",3991,49.5,13.3
4256,1400000US47009011501,47009011501,"Census Tract 115.01, Blount County, Tennessee",1379,52.7,6.9
4257,1400000US47009011502,47009011502,"Census Tract 115.02, Blount County, Tennessee",3551,49.5,10.0
4258,1400000US47009011503,47009011503,"Census Tract 115.03, Blount County, Tennessee",5521,56.8,10.4
4259,1400000US47009011602,47009011602,"Census Tract 116.02, Blount County, Tennessee",7674,57.5,8.2
4260,1400000US47009011603,47009011603,"Census Tract 116.03, Blount County, Tennessee",3994,57.9,10.3
4261,1400000US47009011604,47009011604,"Census Tract 116.04, Blount County, Tennessee",3357,58.4,2.3
4262,1400000US47009011605,47009011605,"Census Tract 116.05, Blount County, Tennessee",2734,59.2,6.0
4263,1400000US47009980100,47009980100,"Census Tract 9801, Blount County, Tennessee",5,20.0,0.0
4264,1400000US47009980200,47009980200,"Census Tract 9802, Blount County, Tennessee",9,100.0,0.0
4265,1400000US47011010100,47011010100,"Census Tract 101, Bradley County, Tennessee",3909,52.8,9.4
4266,1400000US47011010200,47011010200,"Census Tract 102, Bradley County, Tennessee",4649,52.6,9.7
4267,1400000US47011010300,47011010300,"Census Tract 103, Bradley County, Tennessee",2458,52.5,15.8
4268,1400000US47011010400,47011010400,"Census Tract 104, Bradley County, Tennessee",2463,43.0,32.3
4269,1400000US47011010500,47011010500,"Census Tract 105, Bradley County, Tennessee",3293,55.2,10.9
4270,1400000US47011010600,47011010600,"Census Tract 106, Bradley County, Tennessee",2373,50.7,9.9
4271,1400000US47011010700,47011010700,"Census Tract 107, Bradley County, Tennessee",3782,43.2,18.0
4272,1400000US47011010800,47011010800,"Census Tract 108, Bradley County, Tennessee",2250,49.2,12.1
4273,1400000US47011010900,47011010900,"Census Tract 109, Bradley County, Tennessee",2567,53.0,12.5
4274,1400000US47011011000,47011011000,"Census Tract 110, Bradley County, Tennessee",4595,54.6,12.3
4275,1400000US47011011100,47011011100,"Census Tract 111, Bradley County, Tennessee",7707,58.0,9.1
4276,1400000US47011011201,47011011201,"Census Tract 112.01, Bradley County, Tennessee",4800,59.5,9.1
4277,1400000US47011011202,47011011202,"Census Tract 112.02, Bradley County, Tennessee",6946,52.4,14.2
4278,1400000US47011011300,47011011300,"Census Tract 113, Bradley County, Tennessee",6245,56.7,4.7
4279,1400000US47011011401,47011011401,"Census Tract 114.01, Bradley County, Tennessee",6768,53.9,6.5
4280,1400000US47011011402,47011011402,"Census Tract 114.02, Bradley County, Tennessee",2062,63.6,6.0
4281,1400000US47011011500,47011011500,"Census Tract 115, Bradley County, Tennessee",6715,53.3,11.8
4282,1400000US47011011601,47011011601,"Census Tract 116.01, Bradley County, Tennessee",3952,52.7,13.9
4283,1400000US47011011602,47011011602,"Census Tract 116.02, Bradley County, Tennessee",4248,48.6,8.3
4284,1400000US47013950100,47013950100,"Census Tract 9501, Campbell County, Tennessee",2395,36.8,21.9
4285,1400000US47013950200,47013950200,"Census Tract 9502, Campbell County, Tennessee",1950,37.9,14.2
4286,1400000US47013950300,47013950300,"Census Tract 9503, Campbell County, Tennessee",1458,34.5,7.4
4287,1400000US47013950400,47013950400,"Census Tract 9504, Campbell County, Tennessee",4051,48.5,8.1
4288,1400000US47013950500,47013950500,"Census Tract 9505, Campbell County, Tennessee",4478,49.0,6.9
4289,1400000US47013950600,47013950600,"Census Tract 9506, Campbell County, Tennessee",3555,36.6,14.0
4290,1400000US47013950700,47013950700,"Census Tract 9507, Campbell County, Tennessee",3956,38.0,10.9
4291,1400000US47013950800,47013950800,"Census Tract 9508, Campbell County, Tennessee",1965,40.0,4.8
4292,1400000US47013950900,47013950900,"Census Tract 9509, Campbell County, Tennessee",2395,38.4,5.4
4293,1400000US47013951000,47013951000,"Census Tract 9510, Campbell County, Tennessee",2249,45.4,11.5
4294,1400000US47013951100,47013951100,"Census Tract 9511, Campbell County, Tennessee",4562,45.7,7.4
4295,1400000US47015960100,47015960100,"Census Tract 9601, Cannon County, Tennessee",3224,51.2,6.6
4296,1400000US47015960200,47015960200,"Census Tract 9602, Cannon County, Tennessee",5015,50.2,17.5
4297,1400000US47015960300,47015960300,"Census Tract 9603, Cannon County, Tennessee",2929,53.0,11.3
4298,1400000US47017962000,47017962000,"Census Tract 9620, Carroll County, Tennessee",3648,43.6,8.5
4299,1400000US47017962100,47017962100,"Census Tract 9621, Carroll County, Tennessee",5556,40.4,14.0
4300,1400000US47017962201,47017962201,"Census Tract 9622.01, Carroll County, Tennessee",2289,47.0,10.3
4301,1400000US47017962202,47017962202,"Census Tract 9622.02, Carroll County, Tennessee",3763,52.6,8.2
4302,1400000US47017962300,47017962300,"Census Tract 9623, Carroll County, Tennessee",3822,51.8,10.6
4303,1400000US47017962400,47017962400,"Census Tract 9624, Carroll County, Tennessee",2135,45.2,19.5
4304,1400000US47017962500,47017962500,"Census Tract 9625, Carroll County, Tennessee",1785,48.3,11.0
4305,1400000US47017980100,47017980100,"Census Tract 9801, Carroll County, Tennessee",0,-,-
4306,1400000US47019070100,47019070100,"Census Tract 701, Carter County, Tennessee",1795,28.2,13.3
4307,1400000US47019070200,47019070200,"Census Tract 702, Carter County, Tennessee",3469,57.6,4.1
4308,1400000US47019070300,47019070300,"Census Tract 703, Carter County, Tennessee",4680,39.7,12.4
4309,1400000US47019070400,47019070400,"Census Tract 704, Carter County, Tennessee",1618,45.4,10.6
4310,1400000US47019070500,47019070500,"Census Tract 705, Carter County, Tennessee",3342,50.8,4.6
4311,1400000US47019070600,47019070600,"Census Tract 706, Carter County, Tennessee",2160,53.6,10.1
4312,1400000US47019070700,47019070700,"Census Tract 707, Carter County, Tennessee",2627,53.1,3.6
4313,1400000US47019070800,47019070800,"Census Tract 708, Carter County, Tennessee",2244,57.2,5.6
4314,1400000US47019070900,47019070900,"Census Tract 709, Carter County, Tennessee",3154,56.9,7.8
4315,1400000US47019071000,47019071000,"Census Tract 710, Carter County, Tennessee",2478,59.3,7.8
4316,1400000US47019071100,47019071100,"Census Tract 711, Carter County, Tennessee",1487,50.9,4.8
4317,1400000US47019071200,47019071200,"Census Tract 712, Carter County, Tennessee",3210,51.3,11.0
4318,1400000US47019071300,47019071300,"Census Tract 713, Carter County, Tennessee",5957,51.0,8.1
4319,1400000US47019071400,47019071400,"Census Tract 714, Carter County, Tennessee",2670,46.0,9.1
4320,1400000US47019071500,47019071500,"Census Tract 715, Carter County, Tennessee",1803,39.1,10.2
4321,1400000US47019071600,47019071600,"Census Tract 716, Carter County, Tennessee",1176,45.5,9.9
4322,1400000US47019071700,47019071700,"Census Tract 717, Carter County, Tennessee",3258,43.0,10.1
4323,1400000US47021070102,47021070102,"Census Tract 701.02, Cheatham County, Tennessee",3419,52.6,10.2
4324,1400000US47021070103,47021070103,"Census Tract 701.03, Cheatham County, Tennessee",3138,56.3,12.7
4325,1400000US47021070104,47021070104,"Census Tract 701.04, Cheatham County, Tennessee",4274,61.4,7.1
4326,1400000US47021070201,47021070201,"Census Tract 702.01, Cheatham County, Tennessee",3239,70.6,3.8
4327,1400000US47021070202,47021070202,"Census Tract 702.02, Cheatham County, Tennessee",3592,56.9,8.5
4328,1400000US47021070203,47021070203,"Census Tract 702.03, Cheatham County, Tennessee",2754,58.6,5.6
4329,1400000US47021070300,47021070300,"Census Tract 703, Cheatham County, Tennessee",2803,50.8,7.4
4330,1400000US47021070401,47021070401,"Census Tract 704.01, Cheatham County, Tennessee",1987,59.7,4.4
4331,1400000US47021070402,47021070402,"Census Tract 704.02, Cheatham County, Tennessee",5912,64.7,8.7
4332,1400000US47023970100,47023970100,"Census Tract 9701, Chester County, Tennessee",4797,52.0,6.9
4333,1400000US47023970200,47023970200,"Census Tract 9702, Chester County, Tennessee",4772,41.1,20.8
4334,1400000US47023970300,47023970300,"Census Tract 9703, Chester County, Tennessee",4577,60.7,13.4
4335,1400000US47025970100,47025970100,"Census Tract 9701, Claiborne County, Tennessee",2281,52.3,5.3
4336,1400000US47025970200,47025970200,"Census Tract 9702, Claiborne County, Tennessee",2501,43.8,10.0
4337,1400000US47025970300,47025970300,"Census Tract 9703, Claiborne County, Tennessee",3519,40.6,5.6
4338,1400000US47025970400,47025970400,"Census Tract 9704, Claiborne County, Tennessee",612,30.4,18.1
4339,1400000US47025970500,47025970500,"Census Tract 9705, Claiborne County, Tennessee",2278,44.7,6.6
4340,1400000US47025970600,47025970600,"Census Tract 9706, Claiborne County, Tennessee",3679,56.1,9.8
4341,1400000US47025970700,47025970700,"Census Tract 9707, Claiborne County, Tennessee",4464,44.1,2.3
4342,1400000US47025970800,47025970800,"Census Tract 9708, Claiborne County, Tennessee",3039,43.0,13.4
4343,1400000US47025970900,47025970900,"Census Tract 9709, Claiborne County, Tennessee",3927,42.7,11.2
4344,1400000US47027955000,47027955000,"Census Tract 9550, Clay County, Tennessee",4297,39.7,8.1
4345,1400000US47027955100,47027955100,"Census Tract 9551, Clay County, Tennessee",2206,47.9,5.8
4346,1400000US47029920100,47029920100,"Census Tract 9201, Cocke County, Tennessee",3117,47.9,4.8
4347,1400000US47029920200,47029920200,"Census Tract 9202, Cocke County, Tennessee",4528,47.1,11.5
4348,1400000US47029920300,47029920300,"Census Tract 9203, Cocke County, Tennessee",3378,46.3,10.9
4349,1400000US47029920400,47029920400,"Census Tract 9204, Cocke County, Tennessee",1579,31.5,21.5
4350,1400000US47029920501,47029920501,"Census Tract 9205.01, Cocke County, Tennessee",4943,48.5,13.4
4351,1400000US47029920502,47029920502,"Census Tract 9205.02, Cocke County, Tennessee",4503,59.9,8.6
4352,1400000US47029920600,47029920600,"Census Tract 9206, Cocke County, Tennessee",3492,49.7,9.5
4353,1400000US47029920700,47029920700,"Census Tract 9207, Cocke County, Tennessee",3301,46.9,14.5
4354,1400000US47029980100,47029980100,"Census Tract 9801, Cocke County, Tennessee",0,-,-
4355,1400000US47031970100,47031970100,"Census Tract 9701, Coffee County, Tennessee",3105,51.9,5.9
4356,1400000US47031970200,47031970200,"Census Tract 9702, Coffee County, Tennessee",5044,54.1,9.9
4357,1400000US47031970300,47031970300,"Census Tract 9703, Coffee County, Tennessee",1453,51.5,8.7
4358,1400000US47031970400,47031970400,"Census Tract 9704, Coffee County, Tennessee",4854,51.4,6.1
4359,1400000US47031970500,47031970500,"Census Tract 9705, Coffee County, Tennessee",4521,55.0,7.7
4360,1400000US47031970600,47031970600,"Census Tract 9706, Coffee County, Tennessee",3390,45.8,13.9
4361,1400000US47031970700,47031970700,"Census Tract 9707, Coffee County, Tennessee",3133,49.7,7.0
4362,1400000US47031970801,47031970801,"Census Tract 9708.01, Coffee County, Tennessee",3448,53.9,6.4
4363,1400000US47031970802,47031970802,"Census Tract 9708.02, Coffee County, Tennessee",5336,51.8,10.8
4364,1400000US47031970900,47031970900,"Census Tract 9709, Coffee County, Tennessee",2866,48.3,14.1
4365,1400000US47031971000,47031971000,"Census Tract 9710, Coffee County, Tennessee",4986,53.2,7.6
4366,1400000US47031980100,47031980100,"Census Tract 9801, Coffee County, Tennessee",0,-,-
4367,1400000US47033961000,47033961000,"Census Tract 9610, Crockett County, Tennessee",1795,50.6,10.0
4368,1400000US47033961100,47033961100,"Census Tract 9611, Crockett County, Tennessee",2934,48.7,10.5
4369,1400000US47033961200,47033961200,"Census Tract 9612, Crockett County, Tennessee",1629,47.9,8.4
4370,1400000US47033961300,47033961300,"Census Tract 9613, Crockett County, Tennessee",2013,48.3,5.0
4371,1400000US47033961400,47033961400,"Census Tract 9614, Crockett County, Tennessee",2979,56.2,4.1
4372,1400000US47035970101,47035970101,"Census Tract 9701.01, Cumberland County, Tennessee",3587,16.6,12.2
4373,1400000US47035970102,47035970102,"Census Tract 9701.02, Cumberland County, Tennessee",5789,29.9,10.3
4374,1400000US47035970200,47035970200,"Census Tract 9702, Cumberland County, Tennessee",5238,51.5,5.2
4375,1400000US47035970301,47035970301,"Census Tract 9703.01, Cumberland County, Tennessee",2519,51.3,11.9
4376,1400000US47035970302,47035970302,"Census Tract 9703.02, Cumberland County, Tennessee",3773,40.1,12.4
4377,1400000US47035970400,47035970400,"Census Tract 9704, Cumberland County, Tennessee",4505,43.8,9.6
4378,1400000US47035970501,47035970501,"Census Tract 9705.01, Cumberland County, Tennessee",2130,51.9,8.0
4379,1400000US47035970502,47035970502,"Census Tract 9705.02, Cumberland County, Tennessee",3181,41.8,12.0
4380,1400000US47035970601,47035970601,"Census Tract 9706.01, Cumberland County, Tennessee",3948,51.4,2.5
4381,1400000US47035970602,47035970602,"Census Tract 9706.02, Cumberland County, Tennessee",2991,44.2,5.8
4382,1400000US47035970603,47035970603,"Census Tract 9706.03, Cumberland County, Tennessee",1884,51.8,8.4
4383,1400000US47035970701,47035970701,"Census Tract 9707.01, Cumberland County, Tennessee",1871,41.1,7.2
4384,1400000US47035970702,47035970702,"Census Tract 9707.02, Cumberland County, Tennessee",3394,40.9,12.6
4385,1400000US47035970800,47035970800,"Census Tract 9708, Cumberland County, Tennessee",3303,47.1,12.1
4386,1400000US47037010103,47037010103,"Census Tract 101.03, Davidson County, Tennessee",2086,60.4,4.6
4387,1400000US47037010104,47037010104,"Census Tract 101.04, Davidson County, Tennessee",2520,60.8,3.8
4388,1400000US47037010105,47037010105,"Census Tract 101.05, Davidson County, Tennessee",3752,55.3,10.1
4389,1400000US47037010106,47037010106,"Census Tract 101.06, Davidson County, Tennessee",2368,59.4,5.4
4390,1400000US47037010201,47037010201,"Census Tract 102.01, Davidson County, Tennessee",3570,56.5,8.6
4391,1400000US47037010202,47037010202,"Census Tract 102.02, Davidson County, Tennessee",2910,62.9,3.4
4392,1400000US47037010301,47037010301,"Census Tract 103.01, Davidson County, Tennessee",3186,51.4,15.7
4393,1400000US47037010302,47037010302,"Census Tract 103.02, Davidson County, Tennessee",1568,52.9,15.0
4394,1400000US47037010303,47037010303,"Census Tract 103.03, Davidson County, Tennessee",4168,66.0,9.9
4395,1400000US47037010401,47037010401,"Census Tract 104.01, Davidson County, Tennessee",3879,67.0,9.9
4396,1400000US47037010402,47037010402,"Census Tract 104.02, Davidson County, Tennessee",4293,47.2,12.8
4397,1400000US47037010501,47037010501,"Census Tract 105.01, Davidson County, Tennessee",4583,56.3,10.2
4398,1400000US47037010502,47037010502,"Census Tract 105.02, Davidson County, Tennessee",3977,64.0,8.8
4399,1400000US47037010601,47037010601,"Census Tract 106.01, Davidson County, Tennessee",4406,64.9,8.5
4400,1400000US47037010602,47037010602,"Census Tract 106.02, Davidson County, Tennessee",2777,64.1,7.6
4401,1400000US47037010701,47037010701,"Census Tract 107.01, Davidson County, Tennessee",3273,53.3,16.3
4402,1400000US47037010702,47037010702,"Census Tract 107.02, Davidson County, Tennessee",2887,46.9,8.1
4403,1400000US47037010801,47037010801,"Census Tract 108.01, Davidson County, Tennessee",3712,66.1,2.5
4404,1400000US47037010802,47037010802,"Census Tract 108.02, Davidson County, Tennessee",3093,56.2,2.7
4405,1400000US47037010901,47037010901,"Census Tract 109.01, Davidson County, Tennessee",2383,65.0,7.8
4406,1400000US47037010903,47037010903,"Census Tract 109.03, Davidson County, Tennessee",3574,61.2,12.1
4407,1400000US47037010904,47037010904,"Census Tract 109.04, Davidson County, Tennessee",2300,49.3,25.0
4408,1400000US47037011001,47037011001,"Census Tract 110.01, Davidson County, Tennessee",4214,51.4,18.9
4409,1400000US47037011002,47037011002,"Census Tract 110.02, Davidson County, Tennessee",2246,64.1,10.1
4410,1400000US47037011100,47037011100,"Census Tract 111, Davidson County, Tennessee",3749,60.2,10.5
4411,1400000US47037011200,47037011200,"Census Tract 112, Davidson County, Tennessee",3289,64.2,8.7
4412,1400000US47037011300,47037011300,"Census Tract 113, Davidson County, Tennessee",3968,61.1,8.9
4413,1400000US47037011400,47037011400,"Census Tract 114, Davidson County, Tennessee",4003,63.7,11.3
4414,1400000US47037011500,47037011500,"Census Tract 115, Davidson County, Tennessee",3142,65.9,5.5
4415,1400000US47037011600,47037011600,"Census Tract 116, Davidson County, Tennessee",4259,67.0,4.9
4416,1400000US47037011700,47037011700,"Census Tract 117, Davidson County, Tennessee",5574,68.5,5.9
4417,1400000US47037011800,47037011800,"Census Tract 118, Davidson County, Tennessee",2019,60.7,12.9
4418,1400000US47037011900,47037011900,"Census Tract 119, Davidson County, Tennessee",1843,67.3,8.2
4419,1400000US47037012100,47037012100,"Census Tract 121, Davidson County, Tennessee",2135,73.1,4.8
4420,1400000US47037012200,47037012200,"Census Tract 122, Davidson County, Tennessee",1702,73.5,4.7
4421,1400000US47037012600,47037012600,"Census Tract 126, Davidson County, Tennessee",1620,63.3,14.8
4422,1400000US47037012701,47037012701,"Census Tract 127.01, Davidson County, Tennessee",4154,49.6,19.7
4423,1400000US47037012702,47037012702,"Census Tract 127.02, Davidson County, Tennessee",2106,53.1,10.6
4424,1400000US47037012801,47037012801,"Census Tract 128.01, Davidson County, Tennessee",4119,44.6,18.6
4425,1400000US47037012802,47037012802,"Census Tract 128.02, Davidson County, Tennessee",3365,32.0,7.3
4426,1400000US47037013000,47037013000,"Census Tract 130, Davidson County, Tennessee",1332,0.0,-
4427,1400000US47037013100,47037013100,"Census Tract 131, Davidson County, Tennessee",1994,51.5,4.5
4428,1400000US47037013201,47037013201,"Census Tract 132.01, Davidson County, Tennessee",2693,59.0,4.1
4429,1400000US47037013202,47037013202,"Census Tract 132.02, Davidson County, Tennessee",2986,64.9,8.0
4430,1400000US47037013300,47037013300,"Census Tract 133, Davidson County, Tennessee",3168,70.2,7.3
4431,1400000US47037013400,47037013400,"Census Tract 134, Davidson County, Tennessee",3805,82.0,3.2
4432,1400000US47037013500,47037013500,"Census Tract 135, Davidson County, Tennessee",1546,72.3,11.6
4433,1400000US47037013601,47037013601,"Census Tract 136.01, Davidson County, Tennessee",2830,51.3,16.8
4434,1400000US47037013602,47037013602,"Census Tract 136.02, Davidson County, Tennessee",1925,35.3,16.6
4435,1400000US47037013700,47037013700,"Census Tract 137, Davidson County, Tennessee",4550,47.7,15.2
4436,1400000US47037013800,47037013800,"Census Tract 138, Davidson County, Tennessee",1377,52.4,17.7
4437,1400000US47037013900,47037013900,"Census Tract 139, Davidson County, Tennessee",1327,51.3,16.5
4438,1400000US47037014200,47037014200,"Census Tract 142, Davidson County, Tennessee",1936,43.5,18.4
4439,1400000US47037014300,47037014300,"Census Tract 143, Davidson County, Tennessee",1421,52.1,9.3
4440,1400000US47037014400,47037014400,"Census Tract 144, Davidson County, Tennessee",937,58.7,12.4
4441,1400000US47037014800,47037014800,"Census Tract 148, Davidson County, Tennessee",1578,36.8,27.2
4442,1400000US47037015100,47037015100,"Census Tract 151, Davidson County, Tennessee",3812,66.3,8.7
4443,1400000US47037015200,47037015200,"Census Tract 152, Davidson County, Tennessee",2026,65.4,4.5
4444,1400000US47037015300,47037015300,"Census Tract 153, Davidson County, Tennessee",4957,65.0,5.4
4445,1400000US47037015401,47037015401,"Census Tract 154.01, Davidson County, Tennessee",4902,65.9,5.5
4446,1400000US47037015402,47037015402,"Census Tract 154.02, Davidson County, Tennessee",3730,68.7,4.4
4447,1400000US47037015404,47037015404,"Census Tract 154.04, Davidson County, Tennessee",2430,55.8,11.4
4448,1400000US47037015405,47037015405,"Census Tract 154.05, Davidson County, Tennessee",3858,67.0,8.2
4449,1400000US47037015501,47037015501,"Census Tract 155.01, Davidson County, Tennessee",2891,69.2,4.9
4450,1400000US47037015502,47037015502,"Census Tract 155.02, Davidson County, Tennessee",2943,66.9,4.6
4451,1400000US47037015609,47037015609,"Census Tract 156.09, Davidson County, Tennessee",3328,81.1,2.7
4452,1400000US47037015610,47037015610,"Census Tract 156.10, Davidson County, Tennessee",7005,73.1,6.1
4453,1400000US47037015612,47037015612,"Census Tract 156.12, Davidson County, Tennessee",5250,79.8,7.6
4454,1400000US47037015613,47037015613,"Census Tract 156.13, Davidson County, Tennessee",4710,42.6,2.2
4455,1400000US47037015614,47037015614,"Census Tract 156.14, Davidson County, Tennessee",3265,77.7,3.5
4456,1400000US47037015615,47037015615,"Census Tract 156.15, Davidson County, Tennessee",3373,70.6,8.5
4457,1400000US47037015617,47037015617,"Census Tract 156.17, Davidson County, Tennessee",2053,65.8,5.5
4458,1400000US47037015618,47037015618,"Census Tract 156.18, Davidson County, Tennessee",4467,70.7,7.9
4459,1400000US47037015619,47037015619,"Census Tract 156.19, Davidson County, Tennessee",3900,70.5,4.8
4460,1400000US47037015620,47037015620,"Census Tract 156.20, Davidson County, Tennessee",5863,69.0,5.2
4461,1400000US47037015622,47037015622,"Census Tract 156.22, Davidson County, Tennessee",2825,67.8,6.7
4462,1400000US47037015623,47037015623,"Census Tract 156.23, Davidson County, Tennessee",4224,62.7,11.8
4463,1400000US47037015624,47037015624,"Census Tract 156.24, Davidson County, Tennessee",3958,78.2,7.6
4464,1400000US47037015625,47037015625,"Census Tract 156.25, Davidson County, Tennessee",4428,71.2,7.4
4465,1400000US47037015626,47037015626,"Census Tract 156.26, Davidson County, Tennessee",5255,77.8,2.9
4466,1400000US47037015627,47037015627,"Census Tract 156.27, Davidson County, Tennessee",2333,67.2,6.1
4467,1400000US47037015628,47037015628,"Census Tract 156.28, Davidson County, Tennessee",2903,74.3,5.6
4468,1400000US47037015629,47037015629,"Census Tract 156.29, Davidson County, Tennessee",4397,76.3,3.2
4469,1400000US47037015630,47037015630,"Census Tract 156.30, Davidson County, Tennessee",3178,77.1,6.9
4470,1400000US47037015631,47037015631,"Census Tract 156.31, Davidson County, Tennessee",7468,74.4,11.4
4471,1400000US47037015700,47037015700,"Census Tract 157, Davidson County, Tennessee",1206,62.9,9.0
4472,1400000US47037015802,47037015802,"Census Tract 158.02, Davidson County, Tennessee",4523,66.1,7.0
4473,1400000US47037015803,47037015803,"Census Tract 158.03, Davidson County, Tennessee",2065,66.5,5.6
4474,1400000US47037015804,47037015804,"Census Tract 158.04, Davidson County, Tennessee",3597,75.6,10.2
4475,1400000US47037015900,47037015900,"Census Tract 159, Davidson County, Tennessee",2510,42.1,11.0
4476,1400000US47037016000,47037016000,"Census Tract 160, Davidson County, Tennessee",795,50.1,17.6
4477,1400000US47037016100,47037016100,"Census Tract 161, Davidson County, Tennessee",1592,63.4,12.2
4478,1400000US47037016200,47037016200,"Census Tract 162, Davidson County, Tennessee",2435,53.6,11.0
4479,1400000US47037016300,47037016300,"Census Tract 163, Davidson County, Tennessee",1727,61.4,6.8
4480,1400000US47037016400,47037016400,"Census Tract 164, Davidson County, Tennessee",4023,39.7,10.5
4481,1400000US47037016500,47037016500,"Census Tract 165, Davidson County, Tennessee",4331,40.6,8.1
4482,1400000US47037016600,47037016600,"Census Tract 166, Davidson County, Tennessee",2370,76.4,2.1
4483,1400000US47037016700,47037016700,"Census Tract 167, Davidson County, Tennessee",4542,65.9,2.0
4484,1400000US47037016800,47037016800,"Census Tract 168, Davidson County, Tennessee",4268,67.9,7.7
4485,1400000US47037016900,47037016900,"Census Tract 169, Davidson County, Tennessee",4096,75.4,3.7
4486,1400000US47037017000,47037017000,"Census Tract 170, Davidson County, Tennessee",3225,64.1,3.9
4487,1400000US47037017100,47037017100,"Census Tract 171, Davidson County, Tennessee",1884,80.8,4.6
4488,1400000US47037017200,47037017200,"Census Tract 172, Davidson County, Tennessee",1219,69.6,5.8
4489,1400000US47037017300,47037017300,"Census Tract 173, Davidson County, Tennessee",2389,64.0,8.3
4490,1400000US47037017401,47037017401,"Census Tract 174.01, Davidson County, Tennessee",1953,72.8,3.2
4491,1400000US47037017402,47037017402,"Census Tract 174.02, Davidson County, Tennessee",4607,69.0,7.0
4492,1400000US47037017500,47037017500,"Census Tract 175, Davidson County, Tennessee",2474,59.0,12.5
4493,1400000US47037017701,47037017701,"Census Tract 177.01, Davidson County, Tennessee",1675,75.9,3.6
4494,1400000US47037017702,47037017702,"Census Tract 177.02, Davidson County, Tennessee",4300,61.5,4.6
4495,1400000US47037017800,47037017800,"Census Tract 178, Davidson County, Tennessee",4753,78.4,5.6
4496,1400000US47037017901,47037017901,"Census Tract 179.01, Davidson County, Tennessee",3999,62.1,2.5
4497,1400000US47037017902,47037017902,"Census Tract 179.02, Davidson County, Tennessee",3864,62.0,1.8
4498,1400000US47037018000,47037018000,"Census Tract 180, Davidson County, Tennessee",4150,66.7,2.7
4499,1400000US47037018101,47037018101,"Census Tract 181.01, Davidson County, Tennessee",4061,74.4,3.3
4500,1400000US47037018102,47037018102,"Census Tract 181.02, Davidson County, Tennessee",3255,55.5,3.9
4501,1400000US47037018201,47037018201,"Census Tract 182.01, Davidson County, Tennessee",2337,62.9,3.7
4502,1400000US47037018202,47037018202,"Census Tract 182.02, Davidson County, Tennessee",6408,71.1,7.8
4503,1400000US47037018203,47037018203,"Census Tract 182.03, Davidson County, Tennessee",1280,61.0,0.0
4504,1400000US47037018301,47037018301,"Census Tract 183.01, Davidson County, Tennessee",6493,65.7,1.2
4505,1400000US47037018302,47037018302,"Census Tract 183.02, Davidson County, Tennessee",1907,74.9,1.4
4506,1400000US47037018401,47037018401,"Census Tract 184.01, Davidson County, Tennessee",5576,69.8,5.3
4507,1400000US47037018404,47037018404,"Census Tract 184.04, Davidson County, Tennessee",3867,71.9,1.5
4508,1400000US47037018405,47037018405,"Census Tract 184.05, Davidson County, Tennessee",3733,67.0,5.2
4509,1400000US47037018407,47037018407,"Census Tract 184.07, Davidson County, Tennessee",3234,70.2,8.2
4510,1400000US47037018408,47037018408,"Census Tract 184.08, Davidson County, Tennessee",2629,72.2,3.2
4511,1400000US47037018409,47037018409,"Census Tract 184.09, Davidson County, Tennessee",4024,60.2,1.9
4512,1400000US47037018410,47037018410,"Census Tract 184.10, Davidson County, Tennessee",2623,71.1,3.1
4513,1400000US47037018500,47037018500,"Census Tract 185, Davidson County, Tennessee",3800,60.0,1.6
4514,1400000US47037018601,47037018601,"Census Tract 186.01, Davidson County, Tennessee",1798,58.5,1.0
4515,1400000US47037018602,47037018602,"Census Tract 186.02, Davidson County, Tennessee",3495,60.2,3.5
4516,1400000US47037018700,47037018700,"Census Tract 187, Davidson County, Tennessee",2647,65.0,2.5
4517,1400000US47037018801,47037018801,"Census Tract 188.01, Davidson County, Tennessee",4771,67.9,1.1
4518,1400000US47037018803,47037018803,"Census Tract 188.03, Davidson County, Tennessee",2910,72.6,1.2
4519,1400000US47037018804,47037018804,"Census Tract 188.04, Davidson County, Tennessee",4317,64.6,3.9
4520,1400000US47037018901,47037018901,"Census Tract 189.01, Davidson County, Tennessee",2187,61.9,7.7
4521,1400000US47037018902,47037018902,"Census Tract 189.02, Davidson County, Tennessee",2361,70.1,9.6
4522,1400000US47037018904,47037018904,"Census Tract 189.04, Davidson County, Tennessee",2756,61.3,9.7
4523,1400000US47037018905,47037018905,"Census Tract 189.05, Davidson County, Tennessee",2360,77.0,4.8
4524,1400000US47037019003,47037019003,"Census Tract 190.03, Davidson County, Tennessee",3275,64.2,9.9
4525,1400000US47037019004,47037019004,"Census Tract 190.04, Davidson County, Tennessee",3617,56.7,13.9
4526,1400000US47037019005,47037019005,"Census Tract 190.05, Davidson County, Tennessee",2592,59.5,9.3
4527,1400000US47037019006,47037019006,"Census Tract 190.06, Davidson County, Tennessee",3833,61.5,8.1
4528,1400000US47037019105,47037019105,"Census Tract 191.05, Davidson County, Tennessee",4369,66.7,9.8
4529,1400000US47037019106,47037019106,"Census Tract 191.06, Davidson County, Tennessee",3257,79.1,2.7
4530,1400000US47037019108,47037019108,"Census Tract 191.08, Davidson County, Tennessee",2359,71.5,7.1
4531,1400000US47037019109,47037019109,"Census Tract 191.09, Davidson County, Tennessee",4283,68.9,7.1
4532,1400000US47037019110,47037019110,"Census Tract 191.10, Davidson County, Tennessee",3296,63.3,10.8
4533,1400000US47037019111,47037019111,"Census Tract 191.11, Davidson County, Tennessee",3362,75.7,5.7
4534,1400000US47037019112,47037019112,"Census Tract 191.12, Davidson County, Tennessee",3314,67.7,4.5
4535,1400000US47037019114,47037019114,"Census Tract 191.14, Davidson County, Tennessee",9710,74.0,4.5
4536,1400000US47037019115,47037019115,"Census Tract 191.15, Davidson County, Tennessee",3143,72.1,6.2
4537,1400000US47037019116,47037019116,"Census Tract 191.16, Davidson County, Tennessee",5130,68.9,6.7
4538,1400000US47037019117,47037019117,"Census Tract 191.17, Davidson County, Tennessee",3437,74.2,2.3
4539,1400000US47037019118,47037019118,"Census Tract 191.18, Davidson County, Tennessee",4042,78.6,4.3
4540,1400000US47037019200,47037019200,"Census Tract 192, Davidson County, Tennessee",2923,70.4,8.7
4541,1400000US47037019300,47037019300,"Census Tract 193, Davidson County, Tennessee",1945,41.3,28.7
4542,1400000US47037019400,47037019400,"Census Tract 194, Davidson County, Tennessee",3268,64.3,12.3
4543,1400000US47037019500,47037019500,"Census Tract 195, Davidson County, Tennessee",5610,57.0,6.5
4544,1400000US47037019600,47037019600,"Census Tract 196, Davidson County, Tennessee",3184,73.3,3.7
4545,1400000US47037980100,47037980100,"Census Tract 9801, Davidson County, Tennessee",0,-,-
4546,1400000US47037980200,47037980200,"Census Tract 9802, Davidson County, Tennessee",0,-,-
4547,1400000US47039955001,47039955001,"Census Tract 9550.01, Decatur County, Tennessee",1696,41.2,17.5
4548,1400000US47039955002,47039955002,"Census Tract 9550.02, Decatur County, Tennessee",3631,47.7,8.7
4549,1400000US47039955101,47039955101,"Census Tract 9551.01, Decatur County, Tennessee",1493,47.8,3.6
4550,1400000US47039955102,47039955102,"Census Tract 9551.02, Decatur County, Tennessee",2686,53.1,10.9
4551,1400000US47041920101,47041920101,"Census Tract 9201.01, DeKalb County, Tennessee",1922,43.8,10.8
4552,1400000US47041920102,47041920102,"Census Tract 9201.02, DeKalb County, Tennessee",3911,46.8,7.4
4553,1400000US47041920200,47041920200,"Census Tract 9202, DeKalb County, Tennessee",5444,43.6,5.3
4554,1400000US47041920300,47041920300,"Census Tract 9203, DeKalb County, Tennessee",4059,58.2,8.8
4555,1400000US47043060100,47043060100,"Census Tract 601, Dickson County, Tennessee",3315,44.2,12.7
4556,1400000US47043060200,47043060200,"Census Tract 602, Dickson County, Tennessee",5210,50.2,9.9
4557,1400000US47043060300,47043060300,"Census Tract 603, Dickson County, Tennessee",5497,53.9,8.5
4558,1400000US47043060401,47043060401,"Census Tract 604.01, Dickson County, Tennessee",2693,62.3,5.0
4559,1400000US47043060402,47043060402,"Census Tract 604.02, Dickson County, Tennessee",4504,61.8,6.2
4560,1400000US47043060501,47043060501,"Census Tract 605.01, Dickson County, Tennessee",4874,60.4,6.7
4561,1400000US47043060502,47043060502,"Census Tract 605.02, Dickson County, Tennessee",2437,48.6,7.4
4562,1400000US47043060601,47043060601,"Census Tract 606.01, Dickson County, Tennessee",2859,56.6,4.3
4563,1400000US47043060602,47043060602,"Census Tract 606.02, Dickson County, Tennessee",4842,51.1,6.5
4564,1400000US47043060700,47043060700,"Census Tract 607, Dickson County, Tennessee",3726,56.8,7.7
4565,1400000US47045964000,47045964000,"Census Tract 9640, Dyer County, Tennessee",5001,59.7,2.6
4566,1400000US47045964200,47045964200,"Census Tract 9642, Dyer County, Tennessee",4667,52.0,5.0
4567,1400000US47045964300,47045964300,"Census Tract 9643, Dyer County, Tennessee",4544,48.7,6.0
4568,1400000US47045964400,47045964400,"Census Tract 9644, Dyer County, Tennessee",4925,48.1,12.8
4569,1400000US47045964500,47045964500,"Census Tract 9645, Dyer County, Tennessee",1856,54.9,10.8
4570,1400000US47045964600,47045964600,"Census Tract 9646, Dyer County, Tennessee",2239,51.8,10.8
4571,1400000US47045964800,47045964800,"Census Tract 9648, Dyer County, Tennessee",2259,59.9,5.5
4572,1400000US47045964900,47045964900,"Census Tract 9649, Dyer County, Tennessee",4267,60.3,4.1
4573,1400000US47047060300,47047060300,"Census Tract 603, Fayette County, Tennessee",2512,49.2,12.2
4574,1400000US47047060401,47047060401,"Census Tract 604.01, Fayette County, Tennessee",2235,59.8,6.0
4575,1400000US47047060402,47047060402,"Census Tract 604.02, Fayette County, Tennessee",2834,61.4,3.4
4576,1400000US47047060403,47047060403,"Census Tract 604.03, Fayette County, Tennessee",3363,50.7,2.3
4577,1400000US47047060404,47047060404,"Census Tract 604.04, Fayette County, Tennessee",4406,59.8,9.0
4578,1400000US47047060501,47047060501,"Census Tract 605.01, Fayette County, Tennessee",3358,46.3,11.1
4579,1400000US47047060502,47047060502,"Census Tract 605.02, Fayette County, Tennessee",3061,54.0,8.0
4580,1400000US47047060600,47047060600,"Census Tract 606, Fayette County, Tennessee",3411,49.5,10.1
4581,1400000US47047060701,47047060701,"Census Tract 607.01, Fayette County, Tennessee",1946,52.5,9.2
4582,1400000US47047060702,47047060702,"Census Tract 607.02, Fayette County, Tennessee",2348,60.0,10.4
4583,1400000US47047060800,47047060800,"Census Tract 608, Fayette County, Tennessee",1988,52.8,14.4
4584,1400000US47049965000,47049965000,"Census Tract 9650, Fentress County, Tennessee",2585,44.8,11.5
4585,1400000US47049965100,47049965100,"Census Tract 9651, Fentress County, Tennessee",3426,38.1,14.3
4586,1400000US47049965200,47049965200,"Census Tract 9652, Fentress County, Tennessee",4693,38.8,12.5
4587,1400000US47049965300,47049965300,"Census Tract 9653, Fentress County, Tennessee",3713,46.2,3.8
4588,1400000US47051960100,47051960100,"Census Tract 9601, Franklin County, Tennessee",2740,46.4,11.1
4589,1400000US47051960201,47051960201,"Census Tract 9602.01, Franklin County, Tennessee",5487,56.6,11.5
4590,1400000US47051960202,47051960202,"Census Tract 9602.02, Franklin County, Tennessee",4356,52.6,10.4
4591,1400000US47051960300,47051960300,"Census Tract 9603, Franklin County, Tennessee",2066,50.3,11.3
4592,1400000US47051960400,47051960400,"Census Tract 9604, Franklin County, Tennessee",5975,52.1,6.5
4593,1400000US47051960500,47051960500,"Census Tract 9605, Franklin County, Tennessee",3044,41.1,10.8
4594,1400000US47051960600,47051960600,"Census Tract 9606, Franklin County, Tennessee",3569,51.3,10.9
4595,1400000US47051960700,47051960700,"Census Tract 9607, Franklin County, Tennessee",3813,42.1,8.1
4596,1400000US47051960800,47051960800,"Census Tract 9608, Franklin County, Tennessee",2474,61.2,5.3
4597,1400000US47053966100,47053966100,"Census Tract 9661, Gibson County, Tennessee",2012,48.3,13.4
4598,1400000US47053966200,47053966200,"Census Tract 9662, Gibson County, Tennessee",3063,47.0,9.8
4599,1400000US47053966300,47053966300,"Census Tract 9663, Gibson County, Tennessee",1916,56.4,6.4
4600,1400000US47053966400,47053966400,"Census Tract 9664, Gibson County, Tennessee",3891,55.9,14.7
4601,1400000US47053966500,47053966500,"Census Tract 9665, Gibson County, Tennessee",4167,41.6,13.2
4602,1400000US47053966600,47053966600,"Census Tract 9666, Gibson County, Tennessee",1392,62.4,4.7
4603,1400000US47053966700,47053966700,"Census Tract 9667, Gibson County, Tennessee",4850,49.6,5.8
4604,1400000US47053966800,47053966800,"Census Tract 9668, Gibson County, Tennessee",968,55.2,7.1
4605,1400000US47053966900,47053966900,"Census Tract 9669, Gibson County, Tennessee",2244,43.4,16.3
4606,1400000US47053967000,47053967000,"Census Tract 9670, Gibson County, Tennessee",5601,47.3,5.3
4607,1400000US47053967100,47053967100,"Census Tract 9671, Gibson County, Tennessee",4318,67.6,6.2
4608,1400000US47053967300,47053967300,"Census Tract 9673, Gibson County, Tennessee",991,55.6,8.2
4609,1400000US47053967400,47053967400,"Census Tract 9674, Gibson County, Tennessee",3426,55.1,13.0
4610,1400000US47053980100,47053980100,"Census Tract 9801, Gibson County, Tennessee",9,100.0,0.0
4611,1400000US47055920100,47055920100,"Census Tract 9201, Giles County, Tennessee",2746,53.6,11.6
4612,1400000US47055920200,47055920200,"Census Tract 9202, Giles County, Tennessee",3915,45.6,9.6
4613,1400000US47055920300,47055920300,"Census Tract 9203, Giles County, Tennessee",4884,49.7,13.7
4614,1400000US47055920400,47055920400,"Census Tract 9204, Giles County, Tennessee",2072,51.9,6.4
4615,1400000US47055920500,47055920500,"Census Tract 9205, Giles County, Tennessee",3750,54.5,6.5
4616,1400000US47055920600,47055920600,"Census Tract 9206, Giles County, Tennessee",2236,51.3,11.7
4617,1400000US47055920700,47055920700,"Census Tract 9207, Giles County, Tennessee",1469,52.1,7.8
4618,1400000US47055920800,47055920800,"Census Tract 9208, Giles County, Tennessee",2423,48.1,7.7
4619,1400000US47057500100,47057500100,"Census Tract 5001, Grainger County, Tennessee",3045,45.1,11.8
4620,1400000US47057500200,47057500200,"Census Tract 5002, Grainger County, Tennessee",3705,55.1,8.8
4621,1400000US47057500300,47057500300,"Census Tract 5003, Grainger County, Tennessee",5304,49.5,8.1
4622,1400000US47057500401,47057500401,"Census Tract 5004.01, Grainger County, Tennessee",2352,45.5,7.8
4623,1400000US47057500402,47057500402,"Census Tract 5004.02, Grainger County, Tennessee",4153,44.0,11.4
4624,1400000US47059090100,47059090100,"Census Tract 901, Greene County, Tennessee",4999,39.6,13.5
4625,1400000US47059090200,47059090200,"Census Tract 902, Greene County, Tennessee",2567,43.1,10.4
4626,1400000US47059090300,47059090300,"Census Tract 903, Greene County, Tennessee",4027,55.0,6.3
4627,1400000US47059090400,47059090400,"Census Tract 904, Greene County, Tennessee",4496,46.4,5.0
4628,1400000US47059090500,47059090500,"Census Tract 905, Greene County, Tennessee",5775,54.1,6.0
4629,1400000US47059090600,47059090600,"Census Tract 906, Greene County, Tennessee",3481,49.3,9.8
4630,1400000US47059090700,47059090700,"Census Tract 907, Greene County, Tennessee",2457,55.7,7.7
4631,1400000US47059090800,47059090800,"Census Tract 908, Greene County, Tennessee",3650,55.6,6.9
4632,1400000US47059090900,47059090900,"Census Tract 909, Greene County, Tennessee",4200,52.9,7.8
4633,1400000US47059091000,47059091000,"Census Tract 910, Greene County, Tennessee",6086,47.0,14.5
4634,1400000US47059091100,47059091100,"Census Tract 911, Greene County, Tennessee",3410,48.4,5.3
4635,1400000US47059091200,47059091200,"Census Tract 912, Greene County, Tennessee",2410,55.3,6.1
4636,1400000US47059091300,47059091300,"Census Tract 913, Greene County, Tennessee",3846,48.3,9.5
4637,1400000US47059091400,47059091400,"Census Tract 914, Greene County, Tennessee",2470,50.7,13.5
4638,1400000US47059091500,47059091500,"Census Tract 915, Greene County, Tennessee",2659,51.1,6.2
4639,1400000US47061955000,47061955000,"Census Tract 9550, Grundy County, Tennessee",2450,35.6,15.1
4640,1400000US47061955100,47061955100,"Census Tract 9551, Grundy County, Tennessee",1204,47.9,1.7
4641,1400000US47061955200,47061955200,"Census Tract 9552, Grundy County, Tennessee",3105,43.0,8.8
4642,1400000US47061955300,47061955300,"Census Tract 9553, Grundy County, Tennessee",4130,42.3,11.2
4643,1400000US47063100100,47063100100,"Census Tract 1001, Hamblen County, Tennessee",5111,47.3,10.1
4644,1400000US47063100200,47063100200,"Census Tract 1002, Hamblen County, Tennessee",4026,50.8,14.0
4645,1400000US47063100300,47063100300,"Census Tract 1003, Hamblen County, Tennessee",2125,47.3,15.8
4646,1400000US47063100400,47063100400,"Census Tract 1004, Hamblen County, Tennessee",5256,44.3,14.3
4647,1400000US47063100500,47063100500,"Census Tract 1005, Hamblen County, Tennessee",2278,42.4,12.1
4648,1400000US47063100600,47063100600,"Census Tract 1006, Hamblen County, Tennessee",5616,50.4,6.7
4649,1400000US47063100700,47063100700,"Census Tract 1007, Hamblen County, Tennessee",4907,53.6,8.6
4650,1400000US47063100800,47063100800,"Census Tract 1008, Hamblen County, Tennessee",2614,45.1,13.6
4651,1400000US47063100900,47063100900,"Census Tract 1009, Hamblen County, Tennessee",4285,52.6,6.9
4652,1400000US47063101000,47063101000,"Census Tract 1010, Hamblen County, Tennessee",4429,59.5,8.9
4653,1400000US47063101100,47063101100,"Census Tract 1011, Hamblen County, Tennessee",4074,50.2,6.8
4654,1400000US47063101200,47063101200,"Census Tract 1012, Hamblen County, Tennessee",5259,52.5,9.4
4655,1400000US47065000400,47065000400,"Census Tract 4, Hamilton County, Tennessee",2821,35.4,31.0
4656,1400000US47065000600,47065000600,"Census Tract 6, Hamilton County, Tennessee",2621,71.2,3.4
4657,1400000US47065000700,47065000700,"Census Tract 7, Hamilton County, Tennessee",3169,76.3,1.5
4658,1400000US47065000800,47065000800,"Census Tract 8, Hamilton County, Tennessee",1413,63.8,5.9
4659,1400000US47065001100,47065001100,"Census Tract 11, Hamilton County, Tennessee",1560,63.6,11.1
4660,1400000US47065001200,47065001200,"Census Tract 12, Hamilton County, Tennessee",2595,36.5,28.0
4661,1400000US47065001300,47065001300,"Census Tract 13, Hamilton County, Tennessee",1220,47.9,18.1
4662,1400000US47065001400,47065001400,"Census Tract 14, Hamilton County, Tennessee",1468,59.7,9.3
4663,1400000US47065001600,47065001600,"Census Tract 16, Hamilton County, Tennessee",1776,22.9,32.3
4664,1400000US47065001800,47065001800,"Census Tract 18, Hamilton County, Tennessee",2166,71.8,6.8
4665,1400000US47065001900,47065001900,"Census Tract 19, Hamilton County, Tennessee",2758,42.7,22.7
4666,1400000US47065002000,47065002000,"Census Tract 20, Hamilton County, Tennessee",1060,66.2,3.4
4667,1400000US47065002300,47065002300,"Census Tract 23, Hamilton County, Tennessee",1083,46.0,20.2
4668,1400000US47065002400,47065002400,"Census Tract 24, Hamilton County, Tennessee",3544,43.9,18.9
4669,1400000US47065002500,47065002500,"Census Tract 25, Hamilton County, Tennessee",3032,45.6,27.7
4670,1400000US47065002600,47065002600,"Census Tract 26, Hamilton County, Tennessee",1871,48.5,9.7
4671,1400000US47065002800,47065002800,"Census Tract 28, Hamilton County, Tennessee",2878,66.2,4.1
4672,1400000US47065002900,47065002900,"Census Tract 29, Hamilton County, Tennessee",2127,60.1,15.2
4673,1400000US47065003000,47065003000,"Census Tract 30, Hamilton County, Tennessee",2007,60.8,8.9
4674,1400000US47065003100,47065003100,"Census Tract 31, Hamilton County, Tennessee",1589,40.2,7.9
4675,1400000US47065003200,47065003200,"Census Tract 32, Hamilton County, Tennessee",2794,52.5,8.7
4676,1400000US47065003300,47065003300,"Census Tract 33, Hamilton County, Tennessee",5266,57.3,12.6
4677,1400000US47065003400,47065003400,"Census Tract 34, Hamilton County, Tennessee",3526,62.7,6.9
4678,1400000US47065010101,47065010101,"Census Tract 101.01, Hamilton County, Tennessee",4508,58.5,6.1
4679,1400000US47065010103,47065010103,"Census Tract 101.03, Hamilton County, Tennessee",3132,63.1,5.4
4680,1400000US47065010104,47065010104,"Census Tract 101.04, Hamilton County, Tennessee",3864,58.5,5.7
4681,1400000US47065010201,47065010201,"Census Tract 102.01, Hamilton County, Tennessee",2888,60.6,5.9
4682,1400000US47065010202,47065010202,"Census Tract 102.02, Hamilton County, Tennessee",3776,56.0,9.5
4683,1400000US47065010303,47065010303,"Census Tract 103.03, Hamilton County, Tennessee",2615,62.9,10.5
4684,1400000US47065010304,47065010304,"Census Tract 103.04, Hamilton County, Tennessee",4282,64.2,4.8
4685,1400000US47065010305,47065010305,"Census Tract 103.05, Hamilton County, Tennessee",2440,54.4,13.0
4686,1400000US47065010306,47065010306,"Census Tract 103.06, Hamilton County, Tennessee",3107,55.5,6.3
4687,1400000US47065010307,47065010307,"Census Tract 103.07, Hamilton County, Tennessee",4537,51.6,6.8
4688,1400000US47065010411,47065010411,"Census Tract 104.11, Hamilton County, Tennessee",5727,62.9,7.8
4689,1400000US47065010412,47065010412,"Census Tract 104.12, Hamilton County, Tennessee",4352,61.4,7.0
4690,1400000US47065010413,47065010413,"Census Tract 104.13, Hamilton County, Tennessee",3393,56.0,8.6
4691,1400000US47065010431,47065010431,"Census Tract 104.31, Hamilton County, Tennessee",6088,56.9,6.6
4692,1400000US47065010432,47065010432,"Census Tract 104.32, Hamilton County, Tennessee",5311,52.4,6.1
4693,1400000US47065010433,47065010433,"Census Tract 104.33, Hamilton County, Tennessee",3636,54.2,10.0
4694,1400000US47065010434,47065010434,"Census Tract 104.34, Hamilton County, Tennessee",1945,59.7,9.5
4695,1400000US47065010435,47065010435,"Census Tract 104.35, Hamilton County, Tennessee",4961,54.6,6.3
4696,1400000US47065010501,47065010501,"Census Tract 105.01, Hamilton County, Tennessee",5143,60.5,12.0
4697,1400000US47065010502,47065010502,"Census Tract 105.02, Hamilton County, Tennessee",3200,55.7,7.6
4698,1400000US47065010600,47065010600,"Census Tract 106, Hamilton County, Tennessee",2383,58.7,6.2
4699,1400000US47065010700,47065010700,"Census Tract 107, Hamilton County, Tennessee",2189,66.6,7.1
4700,1400000US47065010800,47065010800,"Census Tract 108, Hamilton County, Tennessee",3489,67.7,5.1
4701,1400000US47065010901,47065010901,"Census Tract 109.01, Hamilton County, Tennessee",1676,70.6,6.3
4702,1400000US47065010902,47065010902,"Census Tract 109.02, Hamilton County, Tennessee",740,54.5,8.6
4703,1400000US47065010903,47065010903,"Census Tract 109.03, Hamilton County, Tennessee",5293,55.0,7.6
4704,1400000US47065011001,47065011001,"Census Tract 110.01, Hamilton County, Tennessee",1490,51.9,4.7
4705,1400000US47065011002,47065011002,"Census Tract 110.02, Hamilton County, Tennessee",5603,61.2,4.5
4706,1400000US47065011100,47065011100,"Census Tract 111, Hamilton County, Tennessee",5365,56.6,4.3
4707,1400000US47065011201,47065011201,"Census Tract 112.01, Hamilton County, Tennessee",8096,62.2,5.4
4708,1400000US47065011203,47065011203,"Census Tract 112.03, Hamilton County, Tennessee",5360,60.9,6.0
4709,1400000US47065011204,47065011204,"Census Tract 112.04, Hamilton County, Tennessee",4616,61.7,5.0
4710,1400000US47065011311,47065011311,"Census Tract 113.11, Hamilton County, Tennessee",6544,48.0,4.4
4711,1400000US47065011314,47065011314,"Census Tract 113.14, Hamilton County, Tennessee",4394,61.9,7.7
4712,1400000US47065011321,47065011321,"Census Tract 113.21, Hamilton County, Tennessee",5650,63.5,7.7
4713,1400000US47065011323,47065011323,"Census Tract 113.23, Hamilton County, Tennessee",4527,57.0,5.1
4714,1400000US47065011324,47065011324,"Census Tract 113.24, Hamilton County, Tennessee",3356,66.2,2.4
4715,1400000US47065011325,47065011325,"Census Tract 113.25, Hamilton County, Tennessee",4782,59.1,5.5
4716,1400000US47065011326,47065011326,"Census Tract 113.26, Hamilton County, Tennessee",4040,59.4,6.6
4717,1400000US47065011402,47065011402,"Census Tract 114.02, Hamilton County, Tennessee",4835,58.5,10.9
4718,1400000US47065011411,47065011411,"Census Tract 114.11, Hamilton County, Tennessee",3656,56.3,9.1
4719,1400000US47065011413,47065011413,"Census Tract 114.13, Hamilton County, Tennessee",6697,63.9,5.2
4720,1400000US47065011442,47065011442,"Census Tract 114.42, Hamilton County, Tennessee",2186,65.4,1.8
4721,1400000US47065011443,47065011443,"Census Tract 114.43, Hamilton County, Tennessee",4935,61.1,6.7
4722,1400000US47065011444,47065011444,"Census Tract 114.44, Hamilton County, Tennessee",2771,43.7,6.3
4723,1400000US47065011445,47065011445,"Census Tract 114.45, Hamilton County, Tennessee",3093,66.6,3.0
4724,1400000US47065011446,47065011446,"Census Tract 114.46, Hamilton County, Tennessee",2785,59.0,8.2
4725,1400000US47065011447,47065011447,"Census Tract 114.47, Hamilton County, Tennessee",6132,69.9,4.2
4726,1400000US47065011600,47065011600,"Census Tract 116, Hamilton County, Tennessee",4460,52.9,5.6
4727,1400000US47065011700,47065011700,"Census Tract 117, Hamilton County, Tennessee",3465,62.5,7.5
4728,1400000US47065011800,47065011800,"Census Tract 118, Hamilton County, Tennessee",5218,64.5,2.2
4729,1400000US47065011900,47065011900,"Census Tract 119, Hamilton County, Tennessee",1498,69.1,8.7
4730,1400000US47065012000,47065012000,"Census Tract 120, Hamilton County, Tennessee",1454,53.6,2.9
4731,1400000US47065012100,47065012100,"Census Tract 121, Hamilton County, Tennessee",4729,52.4,3.1
4732,1400000US47065012200,47065012200,"Census Tract 122, Hamilton County, Tennessee",1913,38.1,29.9
4733,1400000US47065012300,47065012300,"Census Tract 123, Hamilton County, Tennessee",3626,53.2,13.8
4734,1400000US47065012400,47065012400,"Census Tract 124, Hamilton County, Tennessee",5865,40.9,14.0
4735,1400000US47065980100,47065980100,"Census Tract 9801, Hamilton County, Tennessee",0,-,-
4736,1400000US47065980200,47065980200,"Census Tract 9802, Hamilton County, Tennessee",0,-,-
4737,1400000US47067960500,47067960500,"Census Tract 9605, Hancock County, Tennessee",2186,43.5,9.4
4738,1400000US47067960600,47067960600,"Census Tract 9606, Hancock County, Tennessee",3212,40.1,14.0
4739,1400000US47069950100,47069950100,"Census Tract 9501, Hardeman County, Tennessee",2870,51.8,16.0
4740,1400000US47069950200,47069950200,"Census Tract 9502, Hardeman County, Tennessee",5779,21.7,14.4
4741,1400000US47069950300,47069950300,"Census Tract 9503, Hardeman County, Tennessee",3012,38.1,20.7
4742,1400000US47069950400,47069950400,"Census Tract 9504, Hardeman County, Tennessee",4148,42.9,20.5
4743,1400000US47069950500,47069950500,"Census Tract 9505, Hardeman County, Tennessee",3407,47.8,15.9
4744,1400000US47069950600,47069950600,"Census Tract 9506, Hardeman County, Tennessee",2322,41.3,25.8
4745,1400000US47071920100,47071920100,"Census Tract 9201, Hardin County, Tennessee",3012,50.3,11.9
4746,1400000US47071920200,47071920200,"Census Tract 9202, Hardin County, Tennessee",3880,40.3,17.5
4747,1400000US47071920300,47071920300,"Census Tract 9203, Hardin County, Tennessee",3278,49.5,7.9
4748,1400000US47071920400,47071920400,"Census Tract 9204, Hardin County, Tennessee",4013,39.5,13.4
4749,1400000US47071920500,47071920500,"Census Tract 9205, Hardin County, Tennessee",4209,43.2,19.2
4750,1400000US47071920600,47071920600,"Census Tract 9206, Hardin County, Tennessee",2803,47.4,11.5
4751,1400000US47073050100,47073050100,"Census Tract 501, Hawkins County, Tennessee",3254,47.5,9.8
4752,1400000US47073050200,47073050200,"Census Tract 502, Hawkins County, Tennessee",3805,37.8,9.3
4753,1400000US47073050301,47073050301,"Census Tract 503.01, Hawkins County, Tennessee",3726,44.7,7.0
4754,1400000US47073050302,47073050302,"Census Tract 503.02, Hawkins County, Tennessee",2954,53.5,8.3
4755,1400000US47073050400,47073050400,"Census Tract 504, Hawkins County, Tennessee",4851,50.5,4.4
4756,1400000US47073050501,47073050501,"Census Tract 505.01, Hawkins County, Tennessee",3419,51.5,13.2
4757,1400000US47073050502,47073050502,"Census Tract 505.02, Hawkins County, Tennessee",2547,46.0,6.1
4758,1400000US47073050503,47073050503,"Census Tract 505.03, Hawkins County, Tennessee",3580,50.0,6.4
4759,1400000US47073050601,47073050601,"Census Tract 506.01, Hawkins County, Tennessee",4643,49.9,10.5
4760,1400000US47073050602,47073050602,"Census Tract 506.02, Hawkins County, Tennessee",3733,46.8,11.1
4761,1400000US47073050700,47073050700,"Census Tract 507, Hawkins County, Tennessee",2914,47.6,10.1
4762,1400000US47073050800,47073050800,"Census Tract 508, Hawkins County, Tennessee",4041,44.0,19.3
4763,1400000US47073050900,47073050900,"Census Tract 509, Hawkins County, Tennessee",2487,50.8,13.0
4764,1400000US47075930100,47075930100,"Census Tract 9301, Haywood County, Tennessee",1962,50.6,10.0
4765,1400000US47075930200,47075930200,"Census Tract 9302, Haywood County, Tennessee",1269,47.4,5.9
4766,1400000US47075930301,47075930301,"Census Tract 9303.01, Haywood County, Tennessee",3668,44.1,16.4
4767,1400000US47075930302,47075930302,"Census Tract 9303.02, Haywood County, Tennessee",2278,55.4,6.6
4768,1400000US47075930400,47075930400,"Census Tract 9304, Haywood County, Tennessee",3170,54.3,8.7
4769,1400000US47075930500,47075930500,"Census Tract 9305, Haywood County, Tennessee",2110,47.3,10.8
4770,1400000US47077975000,47077975000,"Census Tract 9750, Henderson County, Tennessee",2338,53.8,9.5
4771,1400000US47077975100,47077975100,"Census Tract 9751, Henderson County, Tennessee",2974,59.5,3.5
4772,1400000US47077975200,47077975200,"Census Tract 9752, Henderson County, Tennessee",4423,48.8,7.7
4773,1400000US47077975300,47077975300,"Census Tract 9753, Henderson County, Tennessee",6201,54.0,8.8
4774,1400000US47077975400,47077975400,"Census Tract 9754, Henderson County, Tennessee",3256,38.1,9.9
4775,1400000US47077975500,47077975500,"Census Tract 9755, Henderson County, Tennessee",2966,45.2,19.0
4776,1400000US47079969000,47079969000,"Census Tract 9690, Henry County, Tennessee",3903,46.6,12.1
4777,1400000US47079969100,47079969100,"Census Tract 9691, Henry County, Tennessee",2390,47.2,6.1
4778,1400000US47079969200,47079969200,"Census Tract 9692, Henry County, Tennessee",1435,46.8,15.8
4779,1400000US47079969300,47079969300,"Census Tract 9693, Henry County, Tennessee",2752,42.3,12.4
4780,1400000US47079969400,47079969400,"Census Tract 9694, Henry County, Tennessee",1522,45.3,15.4
4781,1400000US47079969500,47079969500,"Census Tract 9695, Henry County, Tennessee",4090,48.9,8.3
4782,1400000US47079969600,47079969600,"Census Tract 9696, Henry County, Tennessee",6318,50.5,8.0
4783,1400000US47079969700,47079969700,"Census Tract 9697, Henry County, Tennessee",1869,48.8,4.4
4784,1400000US47079969800,47079969800,"Census Tract 9698, Henry County, Tennessee",1816,55.8,9.5
4785,1400000US47081950100,47081950100,"Census Tract 9501, Hickman County, Tennessee",4604,54.1,4.0
4786,1400000US47081950200,47081950200,"Census Tract 9502, Hickman County, Tennessee",4986,48.2,11.5
4787,1400000US47081950301,47081950301,"Census Tract 9503.01, Hickman County, Tennessee",2313,51.1,8.2
4788,1400000US47081950302,47081950302,"Census Tract 9503.02, Hickman County, Tennessee",3891,54.2,9.3
4789,1400000US47081950400,47081950400,"Census Tract 9504, Hickman County, Tennessee",1664,49.6,9.6
4790,1400000US47081950500,47081950500,"Census Tract 9505, Hickman County, Tennessee",2087,18.1,14.5
4791,1400000US47083120100,47083120100,"Census Tract 1201, Houston County, Tennessee",2670,50.4,9.7
4792,1400000US47083120200,47083120200,"Census Tract 1202, Houston County, Tennessee",1596,46.6,3.4
4793,1400000US47083120300,47083120300,"Census Tract 1203, Houston County, Tennessee",2312,39.3,9.4
4794,1400000US47085130100,47085130100,"Census Tract 1301, Humphreys County, Tennessee",4619,48.9,10.2
4795,1400000US47085130200,47085130200,"Census Tract 1302, Humphreys County, Tennessee",1617,44.9,12.3
4796,1400000US47085130300,47085130300,"Census Tract 1303, Humphreys County, Tennessee",4124,48.8,7.0
4797,1400000US47085130400,47085130400,"Census Tract 1304, Humphreys County, Tennessee",2064,49.2,3.1
4798,1400000US47085130500,47085130500,"Census Tract 1305, Humphreys County, Tennessee",2279,46.3,12.3
4799,1400000US47087960100,47087960100,"Census Tract 9601, Jackson County, Tennessee",1474,38.2,17.2
4800,1400000US47087960200,47087960200,"Census Tract 9602, Jackson County, Tennessee",2012,45.5,8.7
4801,1400000US47087960300,47087960300,"Census Tract 9603, Jackson County, Tennessee",4291,39.5,16.2
4802,1400000US47087960400,47087960400,"Census Tract 9604, Jackson County, Tennessee",1783,37.4,15.2
4803,1400000US47089070100,47089070100,"Census Tract 701, Jefferson County, Tennessee",5649,50.7,9.2
4804,1400000US47089070200,47089070200,"Census Tract 702, Jefferson County, Tennessee",4144,56.0,10.1
4805,1400000US47089070300,47089070300,"Census Tract 703, Jefferson County, Tennessee",6240,53.4,11.8
4806,1400000US47089070400,47089070400,"Census Tract 704, Jefferson County, Tennessee",3006,57.8,10.0
4807,1400000US47089070500,47089070500,"Census Tract 705, Jefferson County, Tennessee",4440,51.0,11.8
4808,1400000US47089070600,47089070600,"Census Tract 706, Jefferson County, Tennessee",4084,54.9,3.7
4809,1400000US47089070700,47089070700,"Census Tract 707, Jefferson County, Tennessee",6088,49.9,8.7
4810,1400000US47089070800,47089070800,"Census Tract 708, Jefferson County, Tennessee",5697,56.9,9.8
4811,1400000US47089070900,47089070900,"Census Tract 709, Jefferson County, Tennessee",3565,54.7,4.6
4812,1400000US47091956000,47091956000,"Census Tract 9560, Johnson County, Tennessee",772,31.5,20.6
4813,1400000US47091956100,47091956100,"Census Tract 9561, Johnson County, Tennessee",3956,28.7,12.3
4814,1400000US47091956200,47091956200,"Census Tract 9562, Johnson County, Tennessee",1730,49.9,7.9
4815,1400000US47091956300,47091956300,"Census Tract 9563, Johnson County, Tennessee",4822,44.3,9.2
4816,1400000US47091956400,47091956400,"Census Tract 9564, Johnson County, Tennessee",3893,42.9,4.7
4817,1400000US47093000100,47093000100,"Census Tract 1, Knox County, Tennessee",2034,58.8,4.0
4818,1400000US47093000800,47093000800,"Census Tract 8, Knox County, Tennessee",3064,61.6,9.0
4819,1400000US47093000901,47093000901,"Census Tract 9.01, Knox County, Tennessee",1819,23.0,4.1
4820,1400000US47093000902,47093000902,"Census Tract 9.02, Knox County, Tennessee",3856,27.7,8.3
4821,1400000US47093001400,47093001400,"Census Tract 14, Knox County, Tennessee",1910,25.8,23.0
4822,1400000US47093001500,47093001500,"Census Tract 15, Knox County, Tennessee",2983,56.3,5.6
4823,1400000US47093001600,47093001600,"Census Tract 16, Knox County, Tennessee",2595,49.1,3.3
4824,1400000US47093001700,47093001700,"Census Tract 17, Knox County, Tennessee",2111,49.4,7.2
4825,1400000US47093001800,47093001800,"Census Tract 18, Knox County, Tennessee",1860,59.3,7.2
4826,1400000US47093001900,47093001900,"Census Tract 19, Knox County, Tennessee",1386,43.4,27.5
4827,1400000US47093002000,47093002000,"Census Tract 20, Knox County, Tennessee",2761,58.3,8.6
4828,1400000US47093002100,47093002100,"Census Tract 21, Knox County, Tennessee",2215,41.0,13.9
4829,1400000US47093002200,47093002200,"Census Tract 22, Knox County, Tennessee",2905,55.9,9.5
4830,1400000US47093002300,47093002300,"Census Tract 23, Knox County, Tennessee",2863,59.6,4.7
4831,1400000US47093002400,47093002400,"Census Tract 24, Knox County, Tennessee",3214,50.5,11.7
4832,1400000US47093002600,47093002600,"Census Tract 26, Knox County, Tennessee",1820,58.0,11.3
4833,1400000US47093002700,47093002700,"Census Tract 27, Knox County, Tennessee",2207,52.6,11.2
4834,1400000US47093002800,47093002800,"Census Tract 28, Knox County, Tennessee",3744,58.2,10.4
4835,1400000US47093002900,47093002900,"Census Tract 29, Knox County, Tennessee",3049,48.9,20.2
4836,1400000US47093003000,47093003000,"Census Tract 30, Knox County, Tennessee",3818,55.1,10.2
4837,1400000US47093003100,47093003100,"Census Tract 31, Knox County, Tennessee",2342,61.2,7.5
4838,1400000US47093003200,47093003200,"Census Tract 32, Knox County, Tennessee",2373,52.5,11.6
4839,1400000US47093003300,47093003300,"Census Tract 33, Knox County, Tennessee",1789,64.5,5.8
4840,1400000US47093003400,47093003400,"Census Tract 34, Knox County, Tennessee",3344,67.9,6.2
4841,1400000US47093003500,47093003500,"Census Tract 35, Knox County, Tennessee",4084,60.8,1.4
4842,1400000US47093003700,47093003700,"Census Tract 37, Knox County, Tennessee",2305,55.7,12.6
4843,1400000US47093003801,47093003801,"Census Tract 38.01, Knox County, Tennessee",3847,69.7,4.9
4844,1400000US47093003802,47093003802,"Census Tract 38.02, Knox County, Tennessee",2747,72.0,4.0
4845,1400000US47093003901,47093003901,"Census Tract 39.01, Knox County, Tennessee",3562,69.1,4.9
4846,1400000US47093003902,47093003902,"Census Tract 39.02, Knox County, Tennessee",2641,56.0,5.3
4847,1400000US47093004000,47093004000,"Census Tract 40, Knox County, Tennessee",3529,69.3,2.2
4848,1400000US47093004100,47093004100,"Census Tract 41, Knox County, Tennessee",3604,63.8,5.3
4849,1400000US47093004200,47093004200,"Census Tract 42, Knox County, Tennessee",2815,67.8,5.7
4850,1400000US47093004300,47093004300,"Census Tract 43, Knox County, Tennessee",2134,60.0,9.0
4851,1400000US47093004401,47093004401,"Census Tract 44.01, Knox County, Tennessee",4218,65.9,3.4
4852,1400000US47093004403,47093004403,"Census Tract 44.03, Knox County, Tennessee",4546,65.5,4.4
4853,1400000US47093004404,47093004404,"Census Tract 44.04, Knox County, Tennessee",3027,65.8,0.8
4854,1400000US47093004500,47093004500,"Census Tract 45, Knox County, Tennessee",5110,65.6,5.8
4855,1400000US47093004606,47093004606,"Census Tract 46.06, Knox County, Tennessee",5542,67.4,4.3
4856,1400000US47093004607,47093004607,"Census Tract 46.07, Knox County, Tennessee",4535,71.1,6.7
4857,1400000US47093004608,47093004608,"Census Tract 46.08, Knox County, Tennessee",2365,71.0,3.6
4858,1400000US47093004609,47093004609,"Census Tract 46.09, Knox County, Tennessee",4416,65.9,6.5
4859,1400000US47093004610,47093004610,"Census Tract 46.10, Knox County, Tennessee",4029,70.1,7.0
4860,1400000US47093004611,47093004611,"Census Tract 46.11, Knox County, Tennessee",3218,61.6,4.1
4861,1400000US47093004612,47093004612,"Census Tract 46.12, Knox County, Tennessee",2168,79.1,4.2
4862,1400000US47093004613,47093004613,"Census Tract 46.13, Knox County, Tennessee",4440,60.1,12.3
4863,1400000US47093004614,47093004614,"Census Tract 46.14, Knox County, Tennessee",2716,65.5,8.7
4864,1400000US47093004615,47093004615,"Census Tract 46.15, Knox County, Tennessee",3084,59.9,8.9
4865,1400000US47093004700,47093004700,"Census Tract 47, Knox County, Tennessee",3506,63.1,4.7
4866,1400000US47093004800,47093004800,"Census Tract 48, Knox County, Tennessee",4364,60.4,8.4
4867,1400000US47093004900,47093004900,"Census Tract 49, Knox County, Tennessee",4578,62.0,6.8
4868,1400000US47093005000,47093005000,"Census Tract 50, Knox County, Tennessee",3054,61.7,7.9
4869,1400000US47093005100,47093005100,"Census Tract 51, Knox County, Tennessee",4664,55.7,6.5
4870,1400000US47093005201,47093005201,"Census Tract 52.01, Knox County, Tennessee",4995,48.5,5.3
4871,1400000US47093005202,47093005202,"Census Tract 52.02, Knox County, Tennessee",2921,57.5,9.3
4872,1400000US47093005301,47093005301,"Census Tract 53.01, Knox County, Tennessee",3285,59.1,4.2
4873,1400000US47093005302,47093005302,"Census Tract 53.02, Knox County, Tennessee",2666,59.9,0.5
4874,1400000US47093005401,47093005401,"Census Tract 54.01, Knox County, Tennessee",2754,54.4,12.9
4875,1400000US47093005402,47093005402,"Census Tract 54.02, Knox County, Tennessee",2596,61.6,5.0
4876,1400000US47093005501,47093005501,"Census Tract 55.01, Knox County, Tennessee",2155,67.7,5.8
4877,1400000US47093005502,47093005502,"Census Tract 55.02, Knox County, Tennessee",2887,46.1,12.2
4878,1400000US47093005602,47093005602,"Census Tract 56.02, Knox County, Tennessee",3473,61.3,4.9
4879,1400000US47093005603,47093005603,"Census Tract 56.03, Knox County, Tennessee",3100,62.3,6.9
4880,1400000US47093005604,47093005604,"Census Tract 56.04, Knox County, Tennessee",2098,59.2,3.2
4881,1400000US47093005701,47093005701,"Census Tract 57.01, Knox County, Tennessee",3712,60.6,2.5
4882,1400000US47093005704,47093005704,"Census Tract 57.04, Knox County, Tennessee",4876,72.5,1.7
4883,1400000US47093005706,47093005706,"Census Tract 57.06, Knox County, Tennessee",3329,65.7,4.0
4884,1400000US47093005707,47093005707,"Census Tract 57.07, Knox County, Tennessee",2547,63.5,3.4
4885,1400000US47093005708,47093005708,"Census Tract 57.08, Knox County, Tennessee",2026,72.7,0.9
4886,1400000US47093005709,47093005709,"Census Tract 57.09, Knox County, Tennessee",1426,68.4,3.8
4887,1400000US47093005710,47093005710,"Census Tract 57.10, Knox County, Tennessee",1767,60.2,4.5
4888,1400000US47093005711,47093005711,"Census Tract 57.11, Knox County, Tennessee",4129,73.7,0.5
4889,1400000US47093005712,47093005712,"Census Tract 57.12, Knox County, Tennessee",6045,65.1,4.3
4890,1400000US47093005803,47093005803,"Census Tract 58.03, Knox County, Tennessee",1984,64.2,4.4
4891,1400000US47093005807,47093005807,"Census Tract 58.07, Knox County, Tennessee",2055,73.2,2.3
4892,1400000US47093005808,47093005808,"Census Tract 58.08, Knox County, Tennessee",4422,62.3,3.5
4893,1400000US47093005809,47093005809,"Census Tract 58.09, Knox County, Tennessee",3940,56.6,8.3
4894,1400000US47093005810,47093005810,"Census Tract 58.10, Knox County, Tennessee",2879,60.8,3.7
4895,1400000US47093005811,47093005811,"Census Tract 58.11, Knox County, Tennessee",2130,60.3,2.7
4896,1400000US47093005812,47093005812,"Census Tract 58.12, Knox County, Tennessee",3705,65.8,3.3
4897,1400000US47093005813,47093005813,"Census Tract 58.13, Knox County, Tennessee",4658,55.9,3.4
4898,1400000US47093005903,47093005903,"Census Tract 59.03, Knox County, Tennessee",2954,67.6,4.6
4899,1400000US47093005904,47093005904,"Census Tract 59.04, Knox County, Tennessee",4044,58.0,7.0
4900,1400000US47093005905,47093005905,"Census Tract 59.05, Knox County, Tennessee",1692,61.2,5.0
4901,1400000US47093005906,47093005906,"Census Tract 59.06, Knox County, Tennessee",1452,60.8,12.3
4902,1400000US47093005907,47093005907,"Census Tract 59.07, Knox County, Tennessee",2578,67.3,3.6
4903,1400000US47093005908,47093005908,"Census Tract 59.08, Knox County, Tennessee",4247,58.6,4.5
4904,1400000US47093006001,47093006001,"Census Tract 60.01, Knox County, Tennessee",2154,66.9,8.3
4905,1400000US47093006002,47093006002,"Census Tract 60.02, Knox County, Tennessee",4723,62.3,11.1
4906,1400000US47093006003,47093006003,"Census Tract 60.03, Knox County, Tennessee",3347,60.4,2.7
4907,1400000US47093006102,47093006102,"Census Tract 61.02, Knox County, Tennessee",4358,56.1,12.2
4908,1400000US47093006103,47093006103,"Census Tract 61.03, Knox County, Tennessee",4441,59.4,11.1
4909,1400000US47093006104,47093006104,"Census Tract 61.04, Knox County, Tennessee",4255,54.7,9.2
4910,1400000US47093006202,47093006202,"Census Tract 62.02, Knox County, Tennessee",4013,63.5,1.2
4911,1400000US47093006203,47093006203,"Census Tract 62.03, Knox County, Tennessee",4116,60.4,2.9
4912,1400000US47093006205,47093006205,"Census Tract 62.05, Knox County, Tennessee",3474,61.6,3.9
4913,1400000US47093006206,47093006206,"Census Tract 62.06, Knox County, Tennessee",4070,62.2,6.3
4914,1400000US47093006207,47093006207,"Census Tract 62.07, Knox County, Tennessee",2544,71.2,4.1
4915,1400000US47093006208,47093006208,"Census Tract 62.08, Knox County, Tennessee",4728,53.7,7.3
4916,1400000US47093006301,47093006301,"Census Tract 63.01, Knox County, Tennessee",2936,59.8,5.4
4917,1400000US47093006302,47093006302,"Census Tract 63.02, Knox County, Tennessee",2210,55.4,8.9
4918,1400000US47093006401,47093006401,"Census Tract 64.01, Knox County, Tennessee",3173,63.4,10.1
4919,1400000US47093006402,47093006402,"Census Tract 64.02, Knox County, Tennessee",3481,62.6,4.6
4920,1400000US47093006403,47093006403,"Census Tract 64.03, Knox County, Tennessee",2155,65.3,2.3
4921,1400000US47093006501,47093006501,"Census Tract 65.01, Knox County, Tennessee",2449,51.9,10.4
4922,1400000US47093006502,47093006502,"Census Tract 65.02, Knox County, Tennessee",2560,50.9,10.5
4923,1400000US47093006600,47093006600,"Census Tract 66, Knox County, Tennessee",3125,52.5,11.9
4924,1400000US47093006700,47093006700,"Census Tract 67, Knox County, Tennessee",2720,40.4,15.4
4925,1400000US47093006800,47093006800,"Census Tract 68, Knox County, Tennessee",4125,37.8,24.0
4926,1400000US47093006900,47093006900,"Census Tract 69, Knox County, Tennessee",7084,47.5,4.9
4927,1400000US47093007000,47093007000,"Census Tract 70, Knox County, Tennessee",1858,52.9,10.2
4928,1400000US47093007100,47093007100,"Census Tract 71, Knox County, Tennessee",3021,69.4,3.1
4929,1400000US47095960100,47095960100,"Census Tract 9601, Lake County, Tennessee",4690,21.1,11.7
4930,1400000US47095960200,47095960200,"Census Tract 9602, Lake County, Tennessee",1896,44.8,8.1
4931,1400000US47097050100,47097050100,"Census Tract 501, Lauderdale County, Tennessee",3741,12.7,4.8
4932,1400000US47097050200,47097050200,"Census Tract 502, Lauderdale County, Tennessee",2794,55.4,6.9
4933,1400000US47097050300,47097050300,"Census Tract 503, Lauderdale County, Tennessee",2227,48.5,9.2
4934,1400000US47097050400,47097050400,"Census Tract 504, Lauderdale County, Tennessee",2519,48.9,14.3
4935,1400000US47097050503,47097050503,"Census Tract 505.03, Lauderdale County, Tennessee",1970,54.0,2.9
4936,1400000US47097050504,47097050504,"Census Tract 505.04, Lauderdale County, Tennessee",2377,47.0,13.1
4937,1400000US47097050505,47097050505,"Census Tract 505.05, Lauderdale County, Tennessee",2570,33.8,35.3
4938,1400000US47097050506,47097050506,"Census Tract 505.06, Lauderdale County, Tennessee",1841,50.0,16.3
4939,1400000US47097050600,47097050600,"Census Tract 506, Lauderdale County, Tennessee",1734,45.8,10.9
4940,1400000US47099960100,47099960100,"Census Tract 9601, Lawrence County, Tennessee",3556,58.4,5.8
4941,1400000US47099960200,47099960200,"Census Tract 9602, Lawrence County, Tennessee",1903,49.4,7.5
4942,1400000US47099960300,47099960300,"Census Tract 9603, Lawrence County, Tennessee",4186,47.3,11.3
4943,1400000US47099960401,47099960401,"Census Tract 9604.01, Lawrence County, Tennessee",3930,50.6,9.6
4944,1400000US47099960402,47099960402,"Census Tract 9604.02, Lawrence County, Tennessee",2989,53.1,14.1
4945,1400000US47099960501,47099960501,"Census Tract 9605.01, Lawrence County, Tennessee",3369,40.7,17.8
4946,1400000US47099960502,47099960502,"Census Tract 9605.02, Lawrence County, Tennessee",3250,52.6,10.7
4947,1400000US47099960600,47099960600,"Census Tract 9606, Lawrence County, Tennessee",1972,47.6,16.5
4948,1400000US47099960700,47099960700,"Census Tract 9607, Lawrence County, Tennessee",3214,52.1,8.5
4949,1400000US47099960800,47099960800,"Census Tract 9608, Lawrence County, Tennessee",2902,52.7,7.6
4950,1400000US47099960900,47099960900,"Census Tract 9609, Lawrence County, Tennessee",1479,55.0,12.2
4951,1400000US47101970100,47101970100,"Census Tract 9701, Lewis County, Tennessee",3691,53.7,8.6
4952,1400000US47101970200,47101970200,"Census Tract 9702, Lewis County, Tennessee",5873,49.0,7.0
4953,1400000US47103975000,47103975000,"Census Tract 9750, Lincoln County, Tennessee",1325,54.8,5.7
4954,1400000US47103975100,47103975100,"Census Tract 9751, Lincoln County, Tennessee",1922,54.9,7.7
4955,1400000US47103975200,47103975200,"Census Tract 9752, Lincoln County, Tennessee",1755,56.5,8.1
4956,1400000US47103975300,47103975300,"Census Tract 9753, Lincoln County, Tennessee",4691,47.9,12.5
4957,1400000US47103975400,47103975400,"Census Tract 9754, Lincoln County, Tennessee",3339,50.3,5.5
4958,1400000US47103975500,47103975500,"Census Tract 9755, Lincoln County, Tennessee",3775,49.4,8.8
4959,1400000US47103975601,47103975601,"Census Tract 9756.01, Lincoln County, Tennessee",4124,60.6,3.1
4960,1400000US47103975602,47103975602,"Census Tract 9756.02, Lincoln County, Tennessee",3135,56.0,7.9
4961,1400000US47103975700,47103975700,"Census Tract 9757, Lincoln County, Tennessee",2771,51.1,8.2
4962,1400000US47105060100,47105060100,"Census Tract 601, Loudon County, Tennessee",4398,51.8,9.1
4963,1400000US47105060201,47105060201,"Census Tract 602.01, Loudon County, Tennessee",3098,56.7,7.8
4964,1400000US47105060202,47105060202,"Census Tract 602.02, Loudon County, Tennessee",5746,51.5,16.0
4965,1400000US47105060301,47105060301,"Census Tract 603.01, Loudon County, Tennessee",2898,52.3,4.3
4966,1400000US47105060302,47105060302,"Census Tract 603.02, Loudon County, Tennessee",5227,59.1,3.8
4967,1400000US47105060400,47105060400,"Census Tract 604, Loudon County, Tennessee",3817,54.8,6.2
4968,1400000US47105060501,47105060501,"Census Tract 605.01, Loudon County, Tennessee",8478,26.5,7.4
4969,1400000US47105060502,47105060502,"Census Tract 605.02, Loudon County, Tennessee",1933,46.6,22.1
4970,1400000US47105060600,47105060600,"Census Tract 606, Loudon County, Tennessee",3300,54.6,7.1
4971,1400000US47105060700,47105060700,"Census Tract 607, Loudon County, Tennessee",2497,50.6,7.1
4972,1400000US47107970101,47107970101,"Census Tract 9701.01, McMinn County, Tennessee",4554,52.2,8.7
4973,1400000US47107970102,47107970102,"Census Tract 9701.02, McMinn County, Tennessee",4455,54.5,9.0
4974,1400000US47107970200,47107970200,"Census Tract 9702, McMinn County, Tennessee",5017,36.7,16.6
4975,1400000US47107970300,47107970300,"Census Tract 9703, McMinn County, Tennessee",2677,56.0,6.4
4976,1400000US47107970401,47107970401,"Census Tract 9704.01, McMinn County, Tennessee",3230,50.5,6.3
4977,1400000US47107970402,47107970402,"Census Tract 9704.02, McMinn County, Tennessee",4398,58.4,6.2
4978,1400000US47107970500,47107970500,"Census Tract 9705, McMinn County, Tennessee",3076,44.3,10.9
4979,1400000US47107970600,47107970600,"Census Tract 9706, McMinn County, Tennessee",5955,43.0,7.6
4980,1400000US47107970700,47107970700,"Census Tract 9707, McMinn County, Tennessee",3359,51.9,7.1
4981,1400000US47107970800,47107970800,"Census Tract 9708, McMinn County, Tennessee",5749,48.0,12.7
4982,1400000US47109930100,47109930100,"Census Tract 9301, McNairy County, Tennessee",3291,39.8,14.1
4983,1400000US47109930200,47109930200,"Census Tract 9302, McNairy County, Tennessee",1738,44.6,14.8
4984,1400000US47109930300,47109930300,"Census Tract 9303, McNairy County, Tennessee",2481,48.8,7.9
4985,1400000US47109930400,47109930400,"Census Tract 9304, McNairy County, Tennessee",1698,44.9,20.4
4986,1400000US47109930500,47109930500,"Census Tract 9305, McNairy County, Tennessee",6289,39.2,16.1
4987,1400000US47109930600,47109930600,"Census Tract 9306, McNairy County, Tennessee",3077,49.5,11.7
4988,1400000US47109930700,47109930700,"Census Tract 9307, McNairy County, Tennessee",2281,37.6,21.3
4989,1400000US47111970100,47111970100,"Census Tract 9701, Macon County, Tennessee",3822,49.9,7.7
4990,1400000US47111970200,47111970200,"Census Tract 9702, Macon County, Tennessee",4413,57.0,10.1
4991,1400000US47111970300,47111970300,"Census Tract 9703, Macon County, Tennessee",6855,51.9,6.1
4992,1400000US47111970400,47111970400,"Census Tract 9704, Macon County, Tennessee",2955,56.6,5.5
4993,1400000US47113000100,47113000100,"Census Tract 1, Madison County, Tennessee",2715,59.6,13.3
4994,1400000US47113000200,47113000200,"Census Tract 2, Madison County, Tennessee",4967,53.6,8.5
4995,1400000US47113000300,47113000300,"Census Tract 3, Madison County, Tennessee",4127,44.8,12.5
4996,1400000US47113000400,47113000400,"Census Tract 4, Madison County, Tennessee",2566,58.5,13.8
4997,1400000US47113000500,47113000500,"Census Tract 5, Madison County, Tennessee",3171,39.8,19.7
4998,1400000US47113000600,47113000600,"Census Tract 6, Madison County, Tennessee",1685,54.1,10.3
4999,1400000US47113000700,47113000700,"Census Tract 7, Madison County, Tennessee",1953,46.1,18.3
5000,1400000US47113000800,47113000800,"Census Tract 8, Madison County, Tennessee",1174,18.3,27.9
5001,1400000US47113000900,47113000900,"Census Tract 9, Madison County, Tennessee",1583,39.2,31.0
5002,1400000US47113001000,47113001000,"Census Tract 10, Madison County, Tennessee",1721,39.7,22.8
5003,1400000US47113001100,47113001100,"Census Tract 11, Madison County, Tennessee",680,44.4,36.8
5004,1400000US47113001300,47113001300,"Census Tract 13, Madison County, Tennessee",4695,56.8,9.7
5005,1400000US47113001401,47113001401,"Census Tract 14.01, Madison County, Tennessee",1589,48.0,16.5
5006,1400000US47113001402,47113001402,"Census Tract 14.02, Madison County, Tennessee",1842,56.7,6.1
5007,1400000US47113001501,47113001501,"Census Tract 15.01, Madison County, Tennessee",3738,69.1,3.8
5008,1400000US47113001502,47113001502,"Census Tract 15.02, Madison County, Tennessee",4927,55.2,6.9
5009,1400000US47113001603,47113001603,"Census Tract 16.03, Madison County, Tennessee",2076,59.6,1.1
5010,1400000US47113001604,47113001604,"Census Tract 16.04, Madison County, Tennessee",2558,54.3,7.5
5011,1400000US47113001605,47113001605,"Census Tract 16.05, Madison County, Tennessee",2675,43.0,7.8
5012,1400000US47113001606,47113001606,"Census Tract 16.06, Madison County, Tennessee",8411,66.0,2.4
5013,1400000US47113001607,47113001607,"Census Tract 16.07, Madison County, Tennessee",4468,67.9,3.8
5014,1400000US47113001608,47113001608,"Census Tract 16.08, Madison County, Tennessee",1779,61.2,2.2
5015,1400000US47113001609,47113001609,"Census Tract 16.09, Madison County, Tennessee",1454,50.7,5.8
5016,1400000US47113001610,47113001610,"Census Tract 16.10, Madison County, Tennessee",4224,65.0,0.7
5017,1400000US47113001700,47113001700,"Census Tract 17, Madison County, Tennessee",1241,56.2,7.1
5018,1400000US47113001800,47113001800,"Census Tract 18, Madison County, Tennessee",2630,57.4,5.8
5019,1400000US47113001900,47113001900,"Census Tract 19, Madison County, Tennessee",3322,48.3,3.5
5020,1400000US47115050101,47115050101,"Census Tract 501.01, Marion County, Tennessee",3090,52.3,7.6
5021,1400000US47115050102,47115050102,"Census Tract 501.02, Marion County, Tennessee",4835,44.4,7.4
5022,1400000US47115050201,47115050201,"Census Tract 502.01, Marion County, Tennessee",3713,53.1,7.9
5023,1400000US47115050202,47115050202,"Census Tract 502.02, Marion County, Tennessee",4482,55.2,2.0
5024,1400000US47115050301,47115050301,"Census Tract 503.01, Marion County, Tennessee",4351,49.8,8.8
5025,1400000US47115050302,47115050302,"Census Tract 503.02, Marion County, Tennessee",2546,59.9,7.2
5026,1400000US47117955000,47117955000,"Census Tract 9550, Marshall County, Tennessee",5137,59.5,7.5
5027,1400000US47117955100,47117955100,"Census Tract 9551, Marshall County, Tennessee",4427,58.1,4.9
5028,1400000US47117955200,47117955200,"Census Tract 9552, Marshall County, Tennessee",4690,54.2,8.5
5029,1400000US47117955300,47117955300,"Census Tract 9553, Marshall County, Tennessee",3428,47.4,15.8
5030,1400000US47117955400,47117955400,"Census Tract 9554, Marshall County, Tennessee",3322,54.6,7.1
5031,1400000US47117955500,47117955500,"Census Tract 9555, Marshall County, Tennessee",3598,56.3,8.5
5032,1400000US47119010100,47119010100,"Census Tract 101, Maury County, Tennessee",2542,62.0,4.7
5033,1400000US47119010201,47119010201,"Census Tract 102.01, Maury County, Tennessee",4373,68.0,6.2
5034,1400000US47119010202,47119010202,"Census Tract 102.02, Maury County, Tennessee",6504,74.0,4.6
5035,1400000US47119010301,47119010301,"Census Tract 103.01, Maury County, Tennessee",5804,62.7,5.1
5036,1400000US47119010302,47119010302,"Census Tract 103.02, Maury County, Tennessee",2313,62.0,3.2
5037,1400000US47119010400,47119010400,"Census Tract 104, Maury County, Tennessee",4650,56.2,11.3
5038,1400000US47119010500,47119010500,"Census Tract 105, Maury County, Tennessee",3544,53.1,15.0
5039,1400000US47119010600,47119010600,"Census Tract 106, Maury County, Tennessee",3773,54.1,12.9
5040,1400000US47119010700,47119010700,"Census Tract 107, Maury County, Tennessee",3569,48.3,5.2
5041,1400000US47119010801,47119010801,"Census Tract 108.01, Maury County, Tennessee",2855,57.1,3.1
5042,1400000US47119010802,47119010802,"Census Tract 108.02, Maury County, Tennessee",5207,51.8,13.9
5043,1400000US47119010900,47119010900,"Census Tract 109, Maury County, Tennessee",2469,59.8,5.2
5044,1400000US47119011001,47119011001,"Census Tract 110.01, Maury County, Tennessee",2243,55.3,7.7
5045,1400000US47119011002,47119011002,"Census Tract 110.02, Maury County, Tennessee",5640,54.5,10.6
5046,1400000US47119011101,47119011101,"Census Tract 111.01, Maury County, Tennessee",3713,58.2,5.4
5047,1400000US47119011102,47119011102,"Census Tract 111.02, Maury County, Tennessee",2060,55.2,7.9
5048,1400000US47119011200,47119011200,"Census Tract 112, Maury County, Tennessee",4689,57.8,5.5
5049,1400000US47121960100,47121960100,"Census Tract 9601, Meigs County, Tennessee",2547,33.5,23.2
5050,1400000US47121960200,47121960200,"Census Tract 9602, Meigs County, Tennessee",3508,41.3,9.6
5051,1400000US47121960300,47121960300,"Census Tract 9603, Meigs County, Tennessee",3488,46.0,14.7
5052,1400000US47123925000,47123925000,"Census Tract 9250, Monroe County, Tennessee",6091,45.2,8.3
5053,1400000US47123925100,47123925100,"Census Tract 9251, Monroe County, Tennessee",6720,48.4,8.6
5054,1400000US47123925200,47123925200,"Census Tract 9252, Monroe County, Tennessee",3873,44.8,7.8
5055,1400000US47123925300,47123925300,"Census Tract 9253, Monroe County, Tennessee",6111,47.7,15.5
5056,1400000US47123925400,47123925400,"Census Tract 9254, Monroe County, Tennessee",6409,38.9,19.8
5057,1400000US47123925501,47123925501,"Census Tract 9255.01, Monroe County, Tennessee",2494,38.7,16.4
5058,1400000US47123925502,47123925502,"Census Tract 9255.02, Monroe County, Tennessee",4997,41.2,11.7
5059,1400000US47125100100,47125100100,"Census Tract 1001, Montgomery County, Tennessee",1207,35.3,0.0
5060,1400000US47125100200,47125100200,"Census Tract 1002, Montgomery County, Tennessee",1511,53.4,15.6
5061,1400000US47125100300,47125100300,"Census Tract 1003, Montgomery County, Tennessee",4220,57.9,11.8
5062,1400000US47125100400,47125100400,"Census Tract 1004, Montgomery County, Tennessee",2606,45.2,18.2
5063,1400000US47125100500,47125100500,"Census Tract 1005, Montgomery County, Tennessee",4095,61.5,8.0
5064,1400000US47125100601,47125100601,"Census Tract 1006.01, Montgomery County, Tennessee",1869,49.2,6.4
5065,1400000US47125100602,47125100602,"Census Tract 1006.02, Montgomery County, Tennessee",2412,54.6,8.9
5066,1400000US47125100700,47125100700,"Census Tract 1007, Montgomery County, Tennessee",957,52.4,12.1
5067,1400000US47125100800,47125100800,"Census Tract 1008, Montgomery County, Tennessee",2416,41.6,20.3
5068,1400000US47125100900,47125100900,"Census Tract 1009, Montgomery County, Tennessee",1576,53.8,14.9
5069,1400000US47125101001,47125101001,"Census Tract 1010.01, Montgomery County, Tennessee",3143,45.3,7.6
5070,1400000US47125101002,47125101002,"Census Tract 1010.02, Montgomery County, Tennessee",2848,52.0,11.4
5071,1400000US47125101101,47125101101,"Census Tract 1011.01, Montgomery County, Tennessee",2100,56.2,4.7
5072,1400000US47125101102,47125101102,"Census Tract 1011.02, Montgomery County, Tennessee",5881,45.2,9.6
5073,1400000US47125101103,47125101103,"Census Tract 1011.03, Montgomery County, Tennessee",1972,42.4,14.8
5074,1400000US47125101201,47125101201,"Census Tract 1012.01, Montgomery County, Tennessee",1786,46.7,22.1
5075,1400000US47125101202,47125101202,"Census Tract 1012.02, Montgomery County, Tennessee",2655,43.4,10.8
5076,1400000US47125101303,47125101303,"Census Tract 1013.03, Montgomery County, Tennessee",7659,48.7,7.9
5077,1400000US47125101304,47125101304,"Census Tract 1013.04, Montgomery County, Tennessee",4021,51.9,12.9
5078,1400000US47125101305,47125101305,"Census Tract 1013.05, Montgomery County, Tennessee",2730,44.3,13.9
5079,1400000US47125101306,47125101306,"Census Tract 1013.06, Montgomery County, Tennessee",4395,54.8,13.4
5080,1400000US47125101307,47125101307,"Census Tract 1013.07, Montgomery County, Tennessee",1897,51.4,7.0
5081,1400000US47125101400,47125101400,"Census Tract 1014, Montgomery County, Tennessee",4194,17.5,17.0
5082,1400000US47125101500,47125101500,"Census Tract 1015, Montgomery County, Tennessee",5478,56.4,8.8
5083,1400000US47125101600,47125101600,"Census Tract 1016, Montgomery County, Tennessee",4235,52.6,17.8
5084,1400000US47125101700,47125101700,"Census Tract 1017, Montgomery County, Tennessee",6325,55.2,8.6
5085,1400000US47125101802,47125101802,"Census Tract 1018.02, Montgomery County, Tennessee",7816,59.0,6.1
5086,1400000US47125101803,47125101803,"Census Tract 1018.03, Montgomery County, Tennessee",4984,56.9,7.0
5087,1400000US47125101804,47125101804,"Census Tract 1018.04, Montgomery County, Tennessee",5169,62.2,3.5
5088,1400000US47125101902,47125101902,"Census Tract 1019.02, Montgomery County, Tennessee",2269,54.3,9.7
5089,1400000US47125101903,47125101903,"Census Tract 1019.03, Montgomery County, Tennessee",6916,61.4,4.6
5090,1400000US47125101904,47125101904,"Census Tract 1019.04, Montgomery County, Tennessee",2229,58.9,4.2
5091,1400000US47125102001,47125102001,"Census Tract 1020.01, Montgomery County, Tennessee",4066,60.5,6.5
5092,1400000US47125102002,47125102002,"Census Tract 1020.02, Montgomery County, Tennessee",5686,52.1,8.4
5093,1400000US47125102003,47125102003,"Census Tract 1020.03, Montgomery County, Tennessee",4168,54.0,10.9
5094,1400000US47125102004,47125102004,"Census Tract 1020.04, Montgomery County, Tennessee",3729,53.6,7.3
5095,1400000US47125102005,47125102005,"Census Tract 1020.05, Montgomery County, Tennessee",3826,50.1,14.1
5096,1400000US47125102006,47125102006,"Census Tract 1020.06, Montgomery County, Tennessee",4952,52.8,10.4
5097,1400000US47125980100,47125980100,"Census Tract 9801, Montgomery County, Tennessee",283,0.0,-
5098,1400000US47127930100,47127930100,"Census Tract 9301, Moore County, Tennessee",3023,59.6,7.6
5099,1400000US47127930200,47127930200,"Census Tract 9302, Moore County, Tennessee",2238,55.6,5.0
5100,1400000US47129110100,47129110100,"Census Tract 1101, Morgan County, Tennessee",2249,40.6,3.2
5101,1400000US47129110200,47129110200,"Census Tract 1102, Morgan County, Tennessee",2475,48.0,9.8
5102,1400000US47129110300,47129110300,"Census Tract 1103, Morgan County, Tennessee",5799,20.3,13.1
5103,1400000US47129110400,47129110400,"Census Tract 1104, Morgan County, Tennessee",3613,48.7,7.1
5104,1400000US47129110500,47129110500,"Census Tract 1105, Morgan County, Tennessee",3895,47.6,8.4
5105,1400000US47131965000,47131965000,"Census Tract 9650, Obion County, Tennessee",3528,53.6,6.3
5106,1400000US47131965100,47131965100,"Census Tract 9651, Obion County, Tennessee",1918,50.5,13.9
5107,1400000US47131965200,47131965200,"Census Tract 9652, Obion County, Tennessee",1910,52.8,7.5
5108,1400000US47131965300,47131965300,"Census Tract 9653, Obion County, Tennessee",3099,48.3,11.0
5109,1400000US47131965400,47131965400,"Census Tract 9654, Obion County, Tennessee",3566,51.9,11.9
5110,1400000US47131965500,47131965500,"Census Tract 9655, Obion County, Tennessee",1913,42.3,11.4
5111,1400000US47131965600,47131965600,"Census Tract 9656, Obion County, Tennessee",2744,47.3,19.3
5112,1400000US47131965700,47131965700,"Census Tract 9657, Obion County, Tennessee",3967,49.8,12.2
5113,1400000US47131965800,47131965800,"Census Tract 9658, Obion County, Tennessee",1339,61.9,5.0
5114,1400000US47131965900,47131965900,"Census Tract 9659, Obion County, Tennessee",993,44.7,10.8
5115,1400000US47133950100,47133950100,"Census Tract 9501, Overton County, Tennessee",1520,43.5,5.2
5116,1400000US47133950200,47133950200,"Census Tract 9502, Overton County, Tennessee",1478,54.0,6.2
5117,1400000US47133950301,47133950301,"Census Tract 9503.01, Overton County, Tennessee",3647,42.6,9.6
5118,1400000US47133950302,47133950302,"Census Tract 9503.02, Overton County, Tennessee",2503,46.8,13.4
5119,1400000US47133950400,47133950400,"Census Tract 9504, Overton County, Tennessee",1654,50.2,4.4
5120,1400000US47133950500,47133950500,"Census Tract 9505, Overton County, Tennessee",4915,52.4,6.6
5121,1400000US47133950600,47133950600,"Census Tract 9506, Overton County, Tennessee",2028,43.8,5.8
5122,1400000US47135930100,47135930100,"Census Tract 9301, Perry County, Tennessee",2454,44.9,9.9
5123,1400000US47135930200,47135930200,"Census Tract 9302, Perry County, Tennessee",3875,44.3,9.3
5124,1400000US47137925100,47137925100,"Census Tract 9251, Pickett County, Tennessee",4284,50.6,4.9
5125,1400000US47139950100,47139950100,"Census Tract 9501, Polk County, Tennessee",1231,45.5,17.4
5126,1400000US47139950201,47139950201,"Census Tract 9502.01, Polk County, Tennessee",1818,51.3,9.4
5127,1400000US47139950202,47139950202,"Census Tract 9502.02, Polk County, Tennessee",4847,53.0,7.2
5128,1400000US47139950300,47139950300,"Census Tract 9503, Polk County, Tennessee",2729,43.9,12.4
5129,1400000US47139950400,47139950400,"Census Tract 9504, Polk County, Tennessee",3021,37.6,14.8
5130,1400000US47141000100,47141000100,"Census Tract 1, Putnam County, Tennessee",4122,43.7,12.3
5131,1400000US47141000200,47141000200,"Census Tract 2, Putnam County, Tennessee",7397,54.5,6.2
5132,1400000US47141000301,47141000301,"Census Tract 3.01, Putnam County, Tennessee",2280,57.5,2.3
5133,1400000US47141000302,47141000302,"Census Tract 3.02, Putnam County, Tennessee",5934,56.7,8.2
5134,1400000US47141000303,47141000303,"Census Tract 3.03, Putnam County, Tennessee",1991,61.8,7.7
5135,1400000US47141000400,47141000400,"Census Tract 4, Putnam County, Tennessee",3400,52.3,2.9
5136,1400000US47141000500,47141000500,"Census Tract 5, Putnam County, Tennessee",1906,47.0,7.0
5137,1400000US47141000600,47141000600,"Census Tract 6, Putnam County, Tennessee",3027,50.4,3.7
5138,1400000US47141000700,47141000700,"Census Tract 7, Putnam County, Tennessee",2827,46.6,12.3
5139,1400000US47141000800,47141000800,"Census Tract 8, Putnam County, Tennessee",5495,27.2,33.4
5140,1400000US47141000900,47141000900,"Census Tract 9, Putnam County, Tennessee",4911,54.9,5.2
5141,1400000US47141001000,47141001000,"Census Tract 10, Putnam County, Tennessee",2671,57.3,2.4
5142,1400000US47141001100,47141001100,"Census Tract 11, Putnam County, Tennessee",5042,48.3,11.1
5143,1400000US47141001200,47141001200,"Census Tract 12, Putnam County, Tennessee",7231,53.8,4.2
5144,1400000US47141001300,47141001300,"Census Tract 13, Putnam County, Tennessee",1828,56.9,5.2
5145,1400000US47143975000,47143975000,"Census Tract 9750, Rhea County, Tennessee",4337,50.0,16.2
5146,1400000US47143975100,47143975100,"Census Tract 9751, Rhea County, Tennessee",3696,50.8,2.9
5147,1400000US47143975200,47143975200,"Census Tract 9752, Rhea County, Tennessee",4637,53.2,12.1
5148,1400000US47143975300,47143975300,"Census Tract 9753, Rhea County, Tennessee",4611,46.2,13.3
5149,1400000US47143975401,47143975401,"Census Tract 9754.01, Rhea County, Tennessee",5931,42.3,12.6
5150,1400000US47143975402,47143975402,"Census Tract 9754.02, Rhea County, Tennessee",2513,53.5,4.1
5151,1400000US47145030100,47145030100,"Census Tract 301, Roane County, Tennessee",2686,56.6,3.6
5152,1400000US47145030201,47145030201,"Census Tract 302.01, Roane County, Tennessee",5069,51.0,12.5
5153,1400000US47145030202,47145030202,"Census Tract 302.02, Roane County, Tennessee",5930,48.3,6.3
5154,1400000US47145030300,47145030300,"Census Tract 303, Roane County, Tennessee",5182,43.3,7.5
5155,1400000US47145030400,47145030400,"Census Tract 304, Roane County, Tennessee",5294,56.1,7.4
5156,1400000US47145030500,47145030500,"Census Tract 305, Roane County, Tennessee",3656,37.5,14.8
5157,1400000US47145030600,47145030600,"Census Tract 306, Roane County, Tennessee",3117,51.0,14.0
5158,1400000US47145030700,47145030700,"Census Tract 307, Roane County, Tennessee",3628,45.4,9.5
5159,1400000US47145030800,47145030800,"Census Tract 308, Roane County, Tennessee",4598,37.4,17.9
5160,1400000US47145030900,47145030900,"Census Tract 309, Roane County, Tennessee",4777,43.6,7.5
5161,1400000US47145980100,47145980100,"Census Tract 9801, Roane County, Tennessee",0,-,-
5162,1400000US47147080101,47147080101,"Census Tract 801.01, Robertson County, Tennessee",3090,61.3,6.5
5163,1400000US47147080103,47147080103,"Census Tract 801.03, Robertson County, Tennessee",4763,64.6,5.6
5164,1400000US47147080104,47147080104,"Census Tract 801.04, Robertson County, Tennessee",5678,58.7,7.8
5165,1400000US47147080200,47147080200,"Census Tract 802, Robertson County, Tennessee",4729,62.7,9.2
5166,1400000US47147080301,47147080301,"Census Tract 803.01, Robertson County, Tennessee",2053,54.6,7.0
5167,1400000US47147080302,47147080302,"Census Tract 803.02, Robertson County, Tennessee",2112,57.1,10.9
5168,1400000US47147080401,47147080401,"Census Tract 804.01, Robertson County, Tennessee",3771,53.5,11.7
5169,1400000US47147080402,47147080402,"Census Tract 804.02, Robertson County, Tennessee",3720,57.3,7.8
5170,1400000US47147080500,47147080500,"Census Tract 805, Robertson County, Tennessee",3400,61.6,6.3
5171,1400000US47147080603,47147080603,"Census Tract 806.03, Robertson County, Tennessee",3428,59.5,9.8
5172,1400000US47147080604,47147080604,"Census Tract 806.04, Robertson County, Tennessee",3110,64.7,9.6
5173,1400000US47147080605,47147080605,"Census Tract 806.05, Robertson County, Tennessee",2347,68.1,7.2
5174,1400000US47147080606,47147080606,"Census Tract 806.06, Robertson County, Tennessee",4484,58.7,15.3
5175,1400000US47147080700,47147080700,"Census Tract 807, Robertson County, Tennessee",5763,60.0,4.3
5176,1400000US47149040101,47149040101,"Census Tract 401.01, Rutherford County, Tennessee",2534,62.2,8.0
5177,1400000US47149040102,47149040102,"Census Tract 401.02, Rutherford County, Tennessee",2630,70.9,5.8
5178,1400000US47149040103,47149040103,"Census Tract 401.03, Rutherford County, Tennessee",5868,81.5,2.1
5179,1400000US47149040104,47149040104,"Census Tract 401.04, Rutherford County, Tennessee",3498,66.2,4.9
5180,1400000US47149040105,47149040105,"Census Tract 401.05, Rutherford County, Tennessee",3269,64.1,11.0
5181,1400000US47149040200,47149040200,"Census Tract 402, Rutherford County, Tennessee",2665,62.6,9.4
5182,1400000US47149040302,47149040302,"Census Tract 403.02, Rutherford County, Tennessee",6598,63.0,7.3
5183,1400000US47149040303,47149040303,"Census Tract 403.03, Rutherford County, Tennessee",1656,60.9,4.8
5184,1400000US47149040304,47149040304,"Census Tract 403.04, Rutherford County, Tennessee",1816,64.8,5.8
5185,1400000US47149040305,47149040305,"Census Tract 403.05, Rutherford County, Tennessee",1756,60.8,7.2
5186,1400000US47149040306,47149040306,"Census Tract 403.06, Rutherford County, Tennessee",3492,76.2,5.8
5187,1400000US47149040307,47149040307,"Census Tract 403.07, Rutherford County, Tennessee",2430,75.4,3.3
5188,1400000US47149040308,47149040308,"Census Tract 403.08, Rutherford County, Tennessee",4631,78.3,3.8
5189,1400000US47149040403,47149040403,"Census Tract 404.03, Rutherford County, Tennessee",5710,67.1,5.2
5190,1400000US47149040501,47149040501,"Census Tract 405.01, Rutherford County, Tennessee",5646,66.9,4.1
5191,1400000US47149040502,47149040502,"Census Tract 405.02, Rutherford County, Tennessee",5232,64.5,5.5
5192,1400000US47149040600,47149040600,"Census Tract 406, Rutherford County, Tennessee",3853,61.9,10.8
5193,1400000US47149040701,47149040701,"Census Tract 407.01, Rutherford County, Tennessee",6663,66.2,4.6
5194,1400000US47149040702,47149040702,"Census Tract 407.02, Rutherford County, Tennessee",3942,66.0,2.3
5195,1400000US47149040805,47149040805,"Census Tract 408.05, Rutherford County, Tennessee",6629,69.2,8.1
5196,1400000US47149040806,47149040806,"Census Tract 408.06, Rutherford County, Tennessee",6114,60.0,11.7
5197,1400000US47149040807,47149040807,"Census Tract 408.07, Rutherford County, Tennessee",4202,69.9,1.7
5198,1400000US47149040808,47149040808,"Census Tract 408.08, Rutherford County, Tennessee",5514,65.3,4.5
5199,1400000US47149040809,47149040809,"Census Tract 408.09, Rutherford County, Tennessee",3086,67.7,2.9
5200,1400000US47149040810,47149040810,"Census Tract 408.10, Rutherford County, Tennessee",1853,61.7,5.0
5201,1400000US47149040901,47149040901,"Census Tract 409.01, Rutherford County, Tennessee",2318,74.7,4.3
5202,1400000US47149040902,47149040902,"Census Tract 409.02, Rutherford County, Tennessee",7952,70.9,3.3
5203,1400000US47149040903,47149040903,"Census Tract 409.03, Rutherford County, Tennessee",8861,77.6,3.0
5204,1400000US47149040904,47149040904,"Census Tract 409.04, Rutherford County, Tennessee",3792,61.7,9.9
5205,1400000US47149040905,47149040905,"Census Tract 409.05, Rutherford County, Tennessee",7249,62.5,8.3
5206,1400000US47149041000,47149041000,"Census Tract 410, Rutherford County, Tennessee",5746,61.6,5.7
5207,1400000US47149041101,47149041101,"Census Tract 411.01, Rutherford County, Tennessee",5572,68.6,5.0
5208,1400000US47149041102,47149041102,"Census Tract 411.02, Rutherford County, Tennessee",2419,60.7,7.1
5209,1400000US47149041201,47149041201,"Census Tract 412.01, Rutherford County, Tennessee",4101,61.8,3.0
5210,1400000US47149041202,47149041202,"Census Tract 412.02, Rutherford County, Tennessee",3322,67.4,11.6
5211,1400000US47149041301,47149041301,"Census Tract 413.01, Rutherford County, Tennessee",4107,58.8,6.2
5212,1400000US47149041302,47149041302,"Census Tract 413.02, Rutherford County, Tennessee",4993,58.5,7.3
5213,1400000US47149041401,47149041401,"Census Tract 414.01, Rutherford County, Tennessee",3899,63.8,2.9
5214,1400000US47149041402,47149041402,"Census Tract 414.02, Rutherford County, Tennessee",5064,67.2,9.9
5215,1400000US47149041403,47149041403,"Census Tract 414.03, Rutherford County, Tennessee",6589,67.0,8.8
5216,1400000US47149041500,47149041500,"Census Tract 415, Rutherford County, Tennessee",2865,26.4,24.0
5217,1400000US47149041600,47149041600,"Census Tract 416, Rutherford County, Tennessee",5795,55.0,14.4
5218,1400000US47149041700,47149041700,"Census Tract 417, Rutherford County, Tennessee",4077,59.7,9.5
5219,1400000US47149041800,47149041800,"Census Tract 418, Rutherford County, Tennessee",3544,40.4,12.1
5220,1400000US47149041900,47149041900,"Census Tract 419, Rutherford County, Tennessee",3388,54.7,11.6
5221,1400000US47149042000,47149042000,"Census Tract 420, Rutherford County, Tennessee",3783,60.5,9.7
5222,1400000US47149042100,47149042100,"Census Tract 421, Rutherford County, Tennessee",7421,65.1,11.1
5223,1400000US47149042200,47149042200,"Census Tract 422, Rutherford County, Tennessee",4494,56.5,8.2
5224,1400000US47149042300,47149042300,"Census Tract 423, Rutherford County, Tennessee",5568,68.7,7.2
5225,1400000US47151975000,47151975000,"Census Tract 9750, Scott County, Tennessee",3046,40.9,16.4
5226,1400000US47151975100,47151975100,"Census Tract 9751, Scott County, Tennessee",5150,49.9,12.0
5227,1400000US47151975200,47151975200,"Census Tract 9752, Scott County, Tennessee",5139,43.5,16.8
5228,1400000US47151975300,47151975300,"Census Tract 9753, Scott County, Tennessee",1719,39.6,11.3
5229,1400000US47151975400,47151975400,"Census Tract 9754, Scott County, Tennessee",2217,47.0,12.4
5230,1400000US47153060101,47153060101,"Census Tract 601.01, Sequatchie County, Tennessee",6676,46.8,9.7
5231,1400000US47153060102,47153060102,"Census Tract 601.02, Sequatchie County, Tennessee",1742,44.5,16.4
5232,1400000US47153060200,47153060200,"Census Tract 602, Sequatchie County, Tennessee",3209,55.4,4.1
5233,1400000US47155080101,47155080101,"Census Tract 801.01, Sevier County, Tennessee",3093,56.8,13.2
5234,1400000US47155080102,47155080102,"Census Tract 801.02, Sevier County, Tennessee",5047,57.1,10.1
5235,1400000US47155080201,47155080201,"Census Tract 802.01, Sevier County, Tennessee",6369,63.8,3.3
5236,1400000US47155080202,47155080202,"Census Tract 802.02, Sevier County, Tennessee",4166,57.5,9.0
5237,1400000US47155080300,47155080300,"Census Tract 803, Sevier County, Tennessee",4332,62.3,7.1
5238,1400000US47155080400,47155080400,"Census Tract 804, Sevier County, Tennessee",6192,60.3,6.8
5239,1400000US47155080500,47155080500,"Census Tract 805, Sevier County, Tennessee",3782,58.4,7.6
5240,1400000US47155080601,47155080601,"Census Tract 806.01, Sevier County, Tennessee",3538,68.7,6.7
5241,1400000US47155080602,47155080602,"Census Tract 806.02, Sevier County, Tennessee",7816,59.8,11.8
5242,1400000US47155080700,47155080700,"Census Tract 807, Sevier County, Tennessee",6295,57.0,8.0
5243,1400000US47155080801,47155080801,"Census Tract 808.01, Sevier County, Tennessee",2425,53.9,7.2
5244,1400000US47155080802,47155080802,"Census Tract 808.02, Sevier County, Tennessee",5814,62.1,4.3
5245,1400000US47155080901,47155080901,"Census Tract 809.01, Sevier County, Tennessee",2971,53.3,7.7
5246,1400000US47155080902,47155080902,"Census Tract 809.02, Sevier County, Tennessee",4064,55.7,7.2
5247,1400000US47155081000,47155081000,"Census Tract 810, Sevier County, Tennessee",4999,59.9,3.8
5248,1400000US47155081101,47155081101,"Census Tract 811.01, Sevier County, Tennessee",1562,50.0,4.3
5249,1400000US47155081102,47155081102,"Census Tract 811.02, Sevier County, Tennessee",3274,56.1,5.5
5250,1400000US47155980100,47155980100,"Census Tract 9801, Sevier County, Tennessee",0,-,-
5251,1400000US47157000100,47157000100,"Census Tract 1, Shelby County, Tennessee",5501,62.3,11.3
5252,1400000US47157000200,47157000200,"Census Tract 2, Shelby County, Tennessee",669,43.6,30.6
5253,1400000US47157000300,47157000300,"Census Tract 3, Shelby County, Tennessee",828,36.8,23.4
5254,1400000US47157000400,47157000400,"Census Tract 4, Shelby County, Tennessee",1345,45.0,23.2
5255,1400000US47157000600,47157000600,"Census Tract 6, Shelby County, Tennessee",1644,30.2,25.4
5256,1400000US47157000700,47157000700,"Census Tract 7, Shelby County, Tennessee",3762,47.7,20.9
5257,1400000US47157000800,47157000800,"Census Tract 8, Shelby County, Tennessee",1557,40.8,16.1
5258,1400000US47157000900,47157000900,"Census Tract 9, Shelby County, Tennessee",1962,32.4,27.9
5259,1400000US47157001100,47157001100,"Census Tract 11, Shelby County, Tennessee",2349,60.8,11.0
5260,1400000US47157001200,47157001200,"Census Tract 12, Shelby County, Tennessee",2775,57.6,9.7
5261,1400000US47157001300,47157001300,"Census Tract 13, Shelby County, Tennessee",2778,39.9,14.4
5262,1400000US47157001400,47157001400,"Census Tract 14, Shelby County, Tennessee",1201,52.0,11.6
5263,1400000US47157001500,47157001500,"Census Tract 15, Shelby County, Tennessee",1202,39.6,21.3
5264,1400000US47157001600,47157001600,"Census Tract 16, Shelby County, Tennessee",2916,52.3,11.8
5265,1400000US47157001700,47157001700,"Census Tract 17, Shelby County, Tennessee",3417,65.0,10.7
5266,1400000US47157001900,47157001900,"Census Tract 19, Shelby County, Tennessee",1172,38.9,20.3
5267,1400000US47157002000,47157002000,"Census Tract 20, Shelby County, Tennessee",1340,45.7,18.3
5268,1400000US47157002100,47157002100,"Census Tract 21, Shelby County, Tennessee",1052,50.8,8.9
5269,1400000US47157002400,47157002400,"Census Tract 24, Shelby County, Tennessee",1793,53.3,19.4
5270,1400000US47157002500,47157002500,"Census Tract 25, Shelby County, Tennessee",2535,56.9,7.4
5271,1400000US47157002600,47157002600,"Census Tract 26, Shelby County, Tennessee",2282,70.6,3.8
5272,1400000US47157002700,47157002700,"Census Tract 27, Shelby County, Tennessee",1652,57.8,6.6
5273,1400000US47157002800,47157002800,"Census Tract 28, Shelby County, Tennessee",2689,42.2,13.2
5274,1400000US47157002900,47157002900,"Census Tract 29, Shelby County, Tennessee",3973,66.3,9.5
5275,1400000US47157003000,47157003000,"Census Tract 30, Shelby County, Tennessee",3047,46.4,10.1
5276,1400000US47157003100,47157003100,"Census Tract 31, Shelby County, Tennessee",3174,71.2,6.0
5277,1400000US47157003200,47157003200,"Census Tract 32, Shelby County, Tennessee",3280,60.6,5.2
5278,1400000US47157003300,47157003300,"Census Tract 33, Shelby County, Tennessee",2002,70.4,0.0
5279,1400000US47157003400,47157003400,"Census Tract 34, Shelby County, Tennessee",2058,69.5,6.6
5280,1400000US47157003500,47157003500,"Census Tract 35, Shelby County, Tennessee",2777,73.2,4.6
5281,1400000US47157003600,47157003600,"Census Tract 36, Shelby County, Tennessee",1578,67.8,4.7
5282,1400000US47157003700,47157003700,"Census Tract 37, Shelby County, Tennessee",1213,39.9,6.2
5283,1400000US47157003800,47157003800,"Census Tract 38, Shelby County, Tennessee",1075,50.4,3.9
5284,1400000US47157003900,47157003900,"Census Tract 39, Shelby County, Tennessee",1213,36.9,14.3
5285,1400000US47157004200,47157004200,"Census Tract 42, Shelby County, Tennessee",2560,84.5,3.0
5286,1400000US47157004300,47157004300,"Census Tract 43, Shelby County, Tennessee",1327,76.8,4.3
5287,1400000US47157004500,47157004500,"Census Tract 45, Shelby County, Tennessee",317,50.8,15.3
5288,1400000US47157004600,47157004600,"Census Tract 46, Shelby County, Tennessee",1048,59.4,11.8
5289,1400000US47157005000,47157005000,"Census Tract 50, Shelby County, Tennessee",806,29.5,28.1
5290,1400000US47157005300,47157005300,"Census Tract 53, Shelby County, Tennessee",2741,38.7,25.1
5291,1400000US47157005500,47157005500,"Census Tract 55, Shelby County, Tennessee",1603,38.9,32.3
5292,1400000US47157005600,47157005600,"Census Tract 56, Shelby County, Tennessee",3106,43.2,17.6
5293,1400000US47157005700,47157005700,"Census Tract 57, Shelby County, Tennessee",1879,40.1,34.3
5294,1400000US47157005800,47157005800,"Census Tract 58, Shelby County, Tennessee",850,30.1,42.3
5295,1400000US47157005900,47157005900,"Census Tract 59, Shelby County, Tennessee",1810,39.9,20.5
5296,1400000US47157006000,47157006000,"Census Tract 60, Shelby County, Tennessee",1702,28.6,35.5
5297,1400000US47157006200,47157006200,"Census Tract 62, Shelby County, Tennessee",1806,48.7,22.5
5298,1400000US47157006300,47157006300,"Census Tract 63, Shelby County, Tennessee",2109,76.6,3.2
5299,1400000US47157006400,47157006400,"Census Tract 64, Shelby County, Tennessee",1490,42.1,23.5
5300,1400000US47157006500,47157006500,"Census Tract 65, Shelby County, Tennessee",1986,41.0,12.6
5301,1400000US47157006600,47157006600,"Census Tract 66, Shelby County, Tennessee",1750,68.9,5.9
5302,1400000US47157006700,47157006700,"Census Tract 67, Shelby County, Tennessee",2321,41.0,23.8
5303,1400000US47157006800,47157006800,"Census Tract 68, Shelby County, Tennessee",1915,40.3,19.3
5304,1400000US47157006900,47157006900,"Census Tract 69, Shelby County, Tennessee",2641,36.0,24.8
5305,1400000US47157007000,47157007000,"Census Tract 70, Shelby County, Tennessee",2979,55.7,16.3
5306,1400000US47157007100,47157007100,"Census Tract 71, Shelby County, Tennessee",1997,56.6,4.7
5307,1400000US47157007200,47157007200,"Census Tract 72, Shelby County, Tennessee",2149,82.3,3.4
5308,1400000US47157007300,47157007300,"Census Tract 73, Shelby County, Tennessee",4724,45.0,14.5
5309,1400000US47157007400,47157007400,"Census Tract 74, Shelby County, Tennessee",2722,74.9,2.5
5310,1400000US47157007500,47157007500,"Census Tract 75, Shelby County, Tennessee",989,37.1,22.2
5311,1400000US47157007810,47157007810,"Census Tract 78.10, Shelby County, Tennessee",1852,34.1,28.8
5312,1400000US47157007821,47157007821,"Census Tract 78.21, Shelby County, Tennessee",4260,32.7,38.6
5313,1400000US47157007822,47157007822,"Census Tract 78.22, Shelby County, Tennessee",1186,50.9,15.5
5314,1400000US47157007900,47157007900,"Census Tract 79, Shelby County, Tennessee",4555,45.4,21.1
5315,1400000US47157008000,47157008000,"Census Tract 80, Shelby County, Tennessee",4062,60.1,9.7
5316,1400000US47157008110,47157008110,"Census Tract 81.10, Shelby County, Tennessee",1921,46.9,17.6
5317,1400000US47157008120,47157008120,"Census Tract 81.20, Shelby County, Tennessee",3742,40.2,15.9
5318,1400000US47157008200,47157008200,"Census Tract 82, Shelby County, Tennessee",3803,46.2,20.1
5319,1400000US47157008500,47157008500,"Census Tract 85, Shelby County, Tennessee",3280,60.1,3.0
5320,1400000US47157008600,47157008600,"Census Tract 86, Shelby County, Tennessee",4785,68.5,6.0
5321,1400000US47157008700,47157008700,"Census Tract 87, Shelby County, Tennessee",3378,63.4,5.5
5322,1400000US47157008800,47157008800,"Census Tract 88, Shelby County, Tennessee",5564,56.2,15.4
5323,1400000US47157008900,47157008900,"Census Tract 89, Shelby County, Tennessee",2919,49.7,13.9
5324,1400000US47157009100,47157009100,"Census Tract 91, Shelby County, Tennessee",2086,52.3,11.0
5325,1400000US47157009200,47157009200,"Census Tract 92, Shelby County, Tennessee",5647,68.5,2.6
5326,1400000US47157009300,47157009300,"Census Tract 93, Shelby County, Tennessee",3822,55.8,9.3
5327,1400000US47157009400,47157009400,"Census Tract 94, Shelby County, Tennessee",3173,60.8,3.4
5328,1400000US47157009500,47157009500,"Census Tract 95, Shelby County, Tennessee",5283,66.1,6.3
5329,1400000US47157009600,47157009600,"Census Tract 96, Shelby County, Tennessee",4279,61.9,2.3
5330,1400000US47157009700,47157009700,"Census Tract 97, Shelby County, Tennessee",2038,56.7,16.4
5331,1400000US47157009800,47157009800,"Census Tract 98, Shelby County, Tennessee",2831,52.0,9.7
5332,1400000US47157009901,47157009901,"Census Tract 99.01, Shelby County, Tennessee",2324,54.5,14.8
5333,1400000US47157009902,47157009902,"Census Tract 99.02, Shelby County, Tennessee",1938,52.9,20.7
5334,1400000US47157010000,47157010000,"Census Tract 100, Shelby County, Tennessee",5660,44.2,29.0
5335,1400000US47157010110,47157010110,"Census Tract 101.10, Shelby County, Tennessee",5015,46.5,24.3
5336,1400000US47157010120,47157010120,"Census Tract 101.20, Shelby County, Tennessee",3156,52.0,12.9
5337,1400000US47157010210,47157010210,"Census Tract 102.10, Shelby County, Tennessee",4048,48.9,16.4
5338,1400000US47157010220,47157010220,"Census Tract 102.20, Shelby County, Tennessee",5332,50.0,13.5
5339,1400000US47157010300,47157010300,"Census Tract 103, Shelby County, Tennessee",999,51.4,14.4
5340,1400000US47157010500,47157010500,"Census Tract 105, Shelby County, Tennessee",1342,37.8,16.1
5341,1400000US47157010610,47157010610,"Census Tract 106.10, Shelby County, Tennessee",5290,57.5,15.6
5342,1400000US47157010620,47157010620,"Census Tract 106.20, Shelby County, Tennessee",2230,64.2,18.0
5343,1400000US47157010630,47157010630,"Census Tract 106.30, Shelby County, Tennessee",2872,61.1,14.9
5344,1400000US47157010710,47157010710,"Census Tract 107.10, Shelby County, Tennessee",3700,58.9,13.4
5345,1400000US47157010720,47157010720,"Census Tract 107.20, Shelby County, Tennessee",2908,62.4,14.9
5346,1400000US47157010810,47157010810,"Census Tract 108.10, Shelby County, Tennessee",4530,62.4,14.9
5347,1400000US47157010820,47157010820,"Census Tract 108.20, Shelby County, Tennessee",3645,63.9,5.9
5348,1400000US47157011010,47157011010,"Census Tract 110.10, Shelby County, Tennessee",3283,49.5,11.6
5349,1400000US47157011020,47157011020,"Census Tract 110.20, Shelby County, Tennessee",983,62.8,11.5
5350,1400000US47157011100,47157011100,"Census Tract 111, Shelby County, Tennessee",1406,43.9,11.6
5351,1400000US47157011200,47157011200,"Census Tract 112, Shelby County, Tennessee",1274,45.4,23.1
5352,1400000US47157011300,47157011300,"Census Tract 113, Shelby County, Tennessee",1178,51.4,7.1
5353,1400000US47157011400,47157011400,"Census Tract 114, Shelby County, Tennessee",4387,19.8,21.1
5354,1400000US47157011500,47157011500,"Census Tract 115, Shelby County, Tennessee",1938,39.6,24.6
5355,1400000US47157011600,47157011600,"Census Tract 116, Shelby County, Tennessee",2167,37.0,35.9
5356,1400000US47157011700,47157011700,"Census Tract 117, Shelby County, Tennessee",1241,35.1,31.7
5357,1400000US47157011800,47157011800,"Census Tract 118, Shelby County, Tennessee",4534,61.5,14.0
5358,1400000US47157020101,47157020101,"Census Tract 201.01, Shelby County, Tennessee",3179,49.0,13.9
5359,1400000US47157020102,47157020102,"Census Tract 201.02, Shelby County, Tennessee",2555,53.4,10.9
5360,1400000US47157020210,47157020210,"Census Tract 202.10, Shelby County, Tennessee",4524,63.7,9.7
5361,1400000US47157020221,47157020221,"Census Tract 202.21, Shelby County, Tennessee",2504,56.1,12.7
5362,1400000US47157020222,47157020222,"Census Tract 202.22, Shelby County, Tennessee",2358,58.7,16.5
5363,1400000US47157020300,47157020300,"Census Tract 203, Shelby County, Tennessee",4509,54.1,7.8
5364,1400000US47157020400,47157020400,"Census Tract 204, Shelby County, Tennessee",923,31.7,18.6
5365,1400000US47157020511,47157020511,"Census Tract 205.11, Shelby County, Tennessee",1730,56.8,12.2
5366,1400000US47157020512,47157020512,"Census Tract 205.12, Shelby County, Tennessee",4085,57.8,14.1
5367,1400000US47157020521,47157020521,"Census Tract 205.21, Shelby County, Tennessee",2784,54.6,16.3
5368,1400000US47157020523,47157020523,"Census Tract 205.23, Shelby County, Tennessee",2164,59.2,13.6
5369,1400000US47157020524,47157020524,"Census Tract 205.24, Shelby County, Tennessee",3514,58.1,13.7
5370,1400000US47157020531,47157020531,"Census Tract 205.31, Shelby County, Tennessee",3959,66.8,8.6
5371,1400000US47157020532,47157020532,"Census Tract 205.32, Shelby County, Tennessee",4539,50.9,10.5
5372,1400000US47157020541,47157020541,"Census Tract 205.41, Shelby County, Tennessee",4190,60.2,15.3
5373,1400000US47157020542,47157020542,"Census Tract 205.42, Shelby County, Tennessee",3482,63.1,13.1
5374,1400000US47157020610,47157020610,"Census Tract 206.10, Shelby County, Tennessee",2799,72.3,5.4
5375,1400000US47157020621,47157020621,"Census Tract 206.21, Shelby County, Tennessee",5159,64.2,10.5
5376,1400000US47157020622,47157020622,"Census Tract 206.22, Shelby County, Tennessee",3535,52.5,5.8
5377,1400000US47157020632,47157020632,"Census Tract 206.32, Shelby County, Tennessee",4216,66.1,4.3
5378,1400000US47157020633,47157020633,"Census Tract 206.33, Shelby County, Tennessee",2625,66.1,0.4
5379,1400000US47157020634,47157020634,"Census Tract 206.34, Shelby County, Tennessee",2548,60.1,4.3
5380,1400000US47157020635,47157020635,"Census Tract 206.35, Shelby County, Tennessee",2175,59.4,6.2
5381,1400000US47157020642,47157020642,"Census Tract 206.42, Shelby County, Tennessee",6954,68.9,4.2
5382,1400000US47157020643,47157020643,"Census Tract 206.43, Shelby County, Tennessee",6482,61.7,5.0
5383,1400000US47157020644,47157020644,"Census Tract 206.44, Shelby County, Tennessee",6788,69.8,6.3
5384,1400000US47157020651,47157020651,"Census Tract 206.51, Shelby County, Tennessee",5559,57.0,7.9
5385,1400000US47157020652,47157020652,"Census Tract 206.52, Shelby County, Tennessee",4161,66.9,9.2
5386,1400000US47157020700,47157020700,"Census Tract 207, Shelby County, Tennessee",2008,55.1,7.1
5387,1400000US47157020810,47157020810,"Census Tract 208.10, Shelby County, Tennessee",2721,60.1,4.2
5388,1400000US47157020820,47157020820,"Census Tract 208.20, Shelby County, Tennessee",6018,67.1,2.6
5389,1400000US47157020831,47157020831,"Census Tract 208.31, Shelby County, Tennessee",3109,62.5,5.6
5390,1400000US47157020832,47157020832,"Census Tract 208.32, Shelby County, Tennessee",7276,65.6,2.8
5391,1400000US47157020900,47157020900,"Census Tract 209, Shelby County, Tennessee",6605,69.9,0.5
5392,1400000US47157021010,47157021010,"Census Tract 210.10, Shelby County, Tennessee",12938,73.6,2.5
5393,1400000US47157021020,47157021020,"Census Tract 210.20, Shelby County, Tennessee",4934,65.8,3.3
5394,1400000US47157021111,47157021111,"Census Tract 211.11, Shelby County, Tennessee",2945,72.3,5.3
5395,1400000US47157021112,47157021112,"Census Tract 211.12, Shelby County, Tennessee",5398,66.4,10.0
5396,1400000US47157021113,47157021113,"Census Tract 211.13, Shelby County, Tennessee",2879,69.7,12.0
5397,1400000US47157021121,47157021121,"Census Tract 211.21, Shelby County, Tennessee",4309,67.3,7.6
5398,1400000US47157021122,47157021122,"Census Tract 211.22, Shelby County, Tennessee",3984,68.9,11.3
5399,1400000US47157021124,47157021124,"Census Tract 211.24, Shelby County, Tennessee",6142,72.8,7.3
5400,1400000US47157021125,47157021125,"Census Tract 211.25, Shelby County, Tennessee",3697,68.0,2.9
5401,1400000US47157021126,47157021126,"Census Tract 211.26, Shelby County, Tennessee",3534,73.6,1.9
5402,1400000US47157021135,47157021135,"Census Tract 211.35, Shelby County, Tennessee",5086,70.1,6.4
5403,1400000US47157021136,47157021136,"Census Tract 211.36, Shelby County, Tennessee",4088,69.6,4.6
5404,1400000US47157021137,47157021137,"Census Tract 211.37, Shelby County, Tennessee",5827,68.8,4.6
5405,1400000US47157021138,47157021138,"Census Tract 211.38, Shelby County, Tennessee",2604,70.5,6.3
5406,1400000US47157021139,47157021139,"Census Tract 211.39, Shelby County, Tennessee",3451,62.9,3.3
5407,1400000US47157021140,47157021140,"Census Tract 211.40, Shelby County, Tennessee",4076,68.7,7.9
5408,1400000US47157021141,47157021141,"Census Tract 211.41, Shelby County, Tennessee",5931,73.8,5.8
5409,1400000US47157021142,47157021142,"Census Tract 211.42, Shelby County, Tennessee",3151,74.2,3.4
5410,1400000US47157021200,47157021200,"Census Tract 212, Shelby County, Tennessee",4054,0.0,-
5411,1400000US47157021311,47157021311,"Census Tract 213.11, Shelby County, Tennessee",3703,52.8,3.4
5412,1400000US47157021312,47157021312,"Census Tract 213.12, Shelby County, Tennessee",1843,74.6,3.1
5413,1400000US47157021320,47157021320,"Census Tract 213.20, Shelby County, Tennessee",4677,66.6,2.2
5414,1400000US47157021331,47157021331,"Census Tract 213.31, Shelby County, Tennessee",2524,64.0,4.5
5415,1400000US47157021333,47157021333,"Census Tract 213.33, Shelby County, Tennessee",3141,67.4,5.2
5416,1400000US47157021334,47157021334,"Census Tract 213.34, Shelby County, Tennessee",3069,66.3,9.2
5417,1400000US47157021341,47157021341,"Census Tract 213.41, Shelby County, Tennessee",4399,58.3,4.2
5418,1400000US47157021342,47157021342,"Census Tract 213.42, Shelby County, Tennessee",7739,70.0,2.7
5419,1400000US47157021351,47157021351,"Census Tract 213.51, Shelby County, Tennessee",3537,52.6,4.3
5420,1400000US47157021352,47157021352,"Census Tract 213.52, Shelby County, Tennessee",5145,62.8,1.4
5421,1400000US47157021353,47157021353,"Census Tract 213.53, Shelby County, Tennessee",7428,58.1,6.2
5422,1400000US47157021410,47157021410,"Census Tract 214.10, Shelby County, Tennessee",2137,62.5,3.0
5423,1400000US47157021420,47157021420,"Census Tract 214.20, Shelby County, Tennessee",2647,58.9,6.0
5424,1400000US47157021430,47157021430,"Census Tract 214.30, Shelby County, Tennessee",3333,64.8,2.6
5425,1400000US47157021510,47157021510,"Census Tract 215.10, Shelby County, Tennessee",6555,66.4,5.0
5426,1400000US47157021520,47157021520,"Census Tract 215.20, Shelby County, Tennessee",8263,67.2,5.7
5427,1400000US47157021530,47157021530,"Census Tract 215.30, Shelby County, Tennessee",4097,63.0,5.2
5428,1400000US47157021540,47157021540,"Census Tract 215.40, Shelby County, Tennessee",8914,66.5,4.2
5429,1400000US47157021611,47157021611,"Census Tract 216.11, Shelby County, Tennessee",5377,64.5,4.5
5430,1400000US47157021612,47157021612,"Census Tract 216.12, Shelby County, Tennessee",3849,72.3,2.9
5431,1400000US47157021613,47157021613,"Census Tract 216.13, Shelby County, Tennessee",3741,67.3,6.5
5432,1400000US47157021620,47157021620,"Census Tract 216.20, Shelby County, Tennessee",2373,64.6,11.3
5433,1400000US47157021710,47157021710,"Census Tract 217.10, Shelby County, Tennessee",2012,70.2,10.5
5434,1400000US47157021721,47157021721,"Census Tract 217.21, Shelby County, Tennessee",3652,62.5,16.4
5435,1400000US47157021724,47157021724,"Census Tract 217.24, Shelby County, Tennessee",1893,68.4,8.5
5436,1400000US47157021725,47157021725,"Census Tract 217.25, Shelby County, Tennessee",3742,81.9,5.4
5437,1400000US47157021726,47157021726,"Census Tract 217.26, Shelby County, Tennessee",3349,50.7,21.1
5438,1400000US47157021731,47157021731,"Census Tract 217.31, Shelby County, Tennessee",1936,54.6,17.6
5439,1400000US47157021732,47157021732,"Census Tract 217.32, Shelby County, Tennessee",4624,69.7,9.3
5440,1400000US47157021741,47157021741,"Census Tract 217.41, Shelby County, Tennessee",5767,62.3,15.2
5441,1400000US47157021744,47157021744,"Census Tract 217.44, Shelby County, Tennessee",4857,63.5,12.5
5442,1400000US47157021745,47157021745,"Census Tract 217.45, Shelby County, Tennessee",6510,68.6,14.2
5443,1400000US47157021746,47157021746,"Census Tract 217.46, Shelby County, Tennessee",3293,68.0,11.0
5444,1400000US47157021747,47157021747,"Census Tract 217.47, Shelby County, Tennessee",2674,61.9,12.2
5445,1400000US47157021751,47157021751,"Census Tract 217.51, Shelby County, Tennessee",5165,69.9,8.2
5446,1400000US47157021752,47157021752,"Census Tract 217.52, Shelby County, Tennessee",3475,69.3,6.2
5447,1400000US47157021753,47157021753,"Census Tract 217.53, Shelby County, Tennessee",2491,70.9,8.7
5448,1400000US47157021754,47157021754,"Census Tract 217.54, Shelby County, Tennessee",3169,67.8,12.3
5449,1400000US47157021900,47157021900,"Census Tract 219, Shelby County, Tennessee",3832,53.4,22.3
5450,1400000US47157022022,47157022022,"Census Tract 220.22, Shelby County, Tennessee",2337,46.0,16.5
5451,1400000US47157022023,47157022023,"Census Tract 220.23, Shelby County, Tennessee",1394,63.9,13.4
5452,1400000US47157022024,47157022024,"Census Tract 220.24, Shelby County, Tennessee",2651,60.1,2.5
5453,1400000US47157022111,47157022111,"Census Tract 221.11, Shelby County, Tennessee",4141,44.8,14.0
5454,1400000US47157022112,47157022112,"Census Tract 221.12, Shelby County, Tennessee",5046,52.9,17.7
5455,1400000US47157022121,47157022121,"Census Tract 221.21, Shelby County, Tennessee",3991,47.8,13.1
5456,1400000US47157022122,47157022122,"Census Tract 221.22, Shelby County, Tennessee",2849,61.6,11.3
5457,1400000US47157022130,47157022130,"Census Tract 221.30, Shelby County, Tennessee",4484,52.8,16.3
5458,1400000US47157022210,47157022210,"Census Tract 222.10, Shelby County, Tennessee",3655,38.9,26.4
5459,1400000US47157022220,47157022220,"Census Tract 222.20, Shelby County, Tennessee",3052,43.7,20.5
5460,1400000US47157022310,47157022310,"Census Tract 223.10, Shelby County, Tennessee",4154,39.8,23.1
5461,1400000US47157022321,47157022321,"Census Tract 223.21, Shelby County, Tennessee",2698,49.2,17.3
5462,1400000US47157022322,47157022322,"Census Tract 223.22, Shelby County, Tennessee",3299,45.7,17.1
5463,1400000US47157022330,47157022330,"Census Tract 223.30, Shelby County, Tennessee",3475,51.3,15.3
5464,1400000US47157022410,47157022410,"Census Tract 224.10, Shelby County, Tennessee",5171,47.7,12.5
5465,1400000US47157022500,47157022500,"Census Tract 225, Shelby County, Tennessee",4045,53.7,11.2
5466,1400000US47157022600,47157022600,"Census Tract 226, Shelby County, Tennessee",3253,63.6,14.0
5467,1400000US47157022700,47157022700,"Census Tract 227, Shelby County, Tennessee",5623,44.8,19.5
5468,1400000US47157980100,47157980100,"Census Tract 9801, Shelby County, Tennessee",64,18.8,0.0
5469,1400000US47157980200,47157980200,"Census Tract 9802, Shelby County, Tennessee",0,-,-
5470,1400000US47157980300,47157980300,"Census Tract 9803, Shelby County, Tennessee",0,-,-
5471,1400000US47157980400,47157980400,"Census Tract 9804, Shelby County, Tennessee",365,0.0,-
5472,1400000US47159975000,47159975000,"Census Tract 9750, Smith County, Tennessee",3095,58.9,4.8
5473,1400000US47159975100,47159975100,"Census Tract 9751, Smith County, Tennessee",2172,44.6,9.1
5474,1400000US47159975200,47159975200,"Census Tract 9752, Smith County, Tennessee",4775,51.6,3.8
5475,1400000US47159975300,47159975300,"Census Tract 9753, Smith County, Tennessee",1394,56.5,7.3
5476,1400000US47159975400,47159975400,"Census Tract 9754, Smith County, Tennessee",3617,57.5,4.5
5477,1400000US47161110200,47161110200,"Census Tract 1102, Stewart County, Tennessee",4492,46.8,8.5
5478,1400000US47161110600,47161110600,"Census Tract 1106, Stewart County, Tennessee",2362,41.6,11.0
5479,1400000US47161110700,47161110700,"Census Tract 1107, Stewart County, Tennessee",3847,45.1,11.5
5480,1400000US47161980100,47161980100,"Census Tract 9801, Stewart County, Tennessee",0,-,-
5481,1400000US47161980200,47161980200,"Census Tract 9802, Stewart County, Tennessee",0,-,-
5482,1400000US47163040200,47163040200,"Census Tract 402, Sullivan County, Tennessee",2220,36.4,9.9
5483,1400000US47163040300,47163040300,"Census Tract 403, Sullivan County, Tennessee",2245,48.6,11.1
5484,1400000US47163040500,47163040500,"Census Tract 405, Sullivan County, Tennessee",3376,46.2,9.1
5485,1400000US47163040600,47163040600,"Census Tract 406, Sullivan County, Tennessee",2580,39.4,20.7
5486,1400000US47163040700,47163040700,"Census Tract 407, Sullivan County, Tennessee",2209,47.4,2.4
5487,1400000US47163040800,47163040800,"Census Tract 408, Sullivan County, Tennessee",2670,43.7,6.0
5488,1400000US47163040900,47163040900,"Census Tract 409, Sullivan County, Tennessee",2673,49.2,13.2
5489,1400000US47163041000,47163041000,"Census Tract 410, Sullivan County, Tennessee",3486,55.1,8.5
5490,1400000US47163041100,47163041100,"Census Tract 411, Sullivan County, Tennessee",2032,49.2,2.8
5491,1400000US47163041200,47163041200,"Census Tract 412, Sullivan County, Tennessee",5551,53.4,4.5
5492,1400000US47163041300,47163041300,"Census Tract 413, Sullivan County, Tennessee",3317,55.8,8.7
5493,1400000US47163041400,47163041400,"Census Tract 414, Sullivan County, Tennessee",4169,50.6,10.6
5494,1400000US47163041500,47163041500,"Census Tract 415, Sullivan County, Tennessee",2228,54.8,3.6
5495,1400000US47163041600,47163041600,"Census Tract 416, Sullivan County, Tennessee",2179,49.7,10.7
5496,1400000US47163041700,47163041700,"Census Tract 417, Sullivan County, Tennessee",2825,41.2,10.0
5497,1400000US47163041800,47163041800,"Census Tract 418, Sullivan County, Tennessee",3896,45.7,20.1
5498,1400000US47163041900,47163041900,"Census Tract 419, Sullivan County, Tennessee",2666,51.8,9.0
5499,1400000US47163042000,47163042000,"Census Tract 420, Sullivan County, Tennessee",2858,50.0,8.4
5500,1400000US47163042100,47163042100,"Census Tract 421, Sullivan County, Tennessee",4916,47.8,9.4
5501,1400000US47163042200,47163042200,"Census Tract 422, Sullivan County, Tennessee",2811,51.2,10.6
5502,1400000US47163042300,47163042300,"Census Tract 423, Sullivan County, Tennessee",5367,58.6,8.7
5503,1400000US47163042400,47163042400,"Census Tract 424, Sullivan County, Tennessee",2541,51.9,8.7
5504,1400000US47163042500,47163042500,"Census Tract 425, Sullivan County, Tennessee",2859,48.0,5.1
5505,1400000US47163042600,47163042600,"Census Tract 426, Sullivan County, Tennessee",3361,55.5,8.1
5506,1400000US47163042701,47163042701,"Census Tract 427.01, Sullivan County, Tennessee",3914,49.9,8.9
5507,1400000US47163042702,47163042702,"Census Tract 427.02, Sullivan County, Tennessee",1897,53.5,7.5
5508,1400000US47163042801,47163042801,"Census Tract 428.01, Sullivan County, Tennessee",2270,57.8,4.7
5509,1400000US47163042802,47163042802,"Census Tract 428.02, Sullivan County, Tennessee",3636,49.0,12.4
5510,1400000US47163042900,47163042900,"Census Tract 429, Sullivan County, Tennessee",3386,58.0,4.9
5511,1400000US47163043000,47163043000,"Census Tract 430, Sullivan County, Tennessee",3895,50.0,7.2
5512,1400000US47163043100,47163043100,"Census Tract 431, Sullivan County, Tennessee",2560,45.6,11.8
5513,1400000US47163043201,47163043201,"Census Tract 432.01, Sullivan County, Tennessee",3655,60.2,3.1
5514,1400000US47163043202,47163043202,"Census Tract 432.02, Sullivan County, Tennessee",4172,54.7,4.2
5515,1400000US47163043301,47163043301,"Census Tract 433.01, Sullivan County, Tennessee",4352,61.8,3.4
5516,1400000US47163043302,47163043302,"Census Tract 433.02, Sullivan County, Tennessee",4986,49.6,8.2
5517,1400000US47163043401,47163043401,"Census Tract 434.01, Sullivan County, Tennessee",4365,54.6,5.8
5518,1400000US47163043402,47163043402,"Census Tract 434.02, Sullivan County, Tennessee",3992,47.5,12.6
5519,1400000US47163043500,47163043500,"Census Tract 435, Sullivan County, Tennessee",3260,51.1,5.2
5520,1400000US47163043600,47163043600,"Census Tract 436, Sullivan County, Tennessee",3858,56.2,6.2
5521,1400000US47165020101,47165020101,"Census Tract 201.01, Sumner County, Tennessee",2900,57.6,13.0
5522,1400000US47165020102,47165020102,"Census Tract 201.02, Sumner County, Tennessee",3503,54.3,6.9
5523,1400000US47165020203,47165020203,"Census Tract 202.03, Sumner County, Tennessee",1964,62.5,9.8
5524,1400000US47165020204,47165020204,"Census Tract 202.04, Sumner County, Tennessee",2561,61.4,3.7
5525,1400000US47165020205,47165020205,"Census Tract 202.05, Sumner County, Tennessee",2378,66.4,9.2
5526,1400000US47165020206,47165020206,"Census Tract 202.06, Sumner County, Tennessee",840,55.4,1.5
5527,1400000US47165020207,47165020207,"Census Tract 202.07, Sumner County, Tennessee",1276,44.3,14.0
5528,1400000US47165020208,47165020208,"Census Tract 202.08, Sumner County, Tennessee",1840,57.8,8.8
5529,1400000US47165020209,47165020209,"Census Tract 202.09, Sumner County, Tennessee",1479,61.2,2.7
5530,1400000US47165020300,47165020300,"Census Tract 203, Sumner County, Tennessee",3769,57.8,8.1
5531,1400000US47165020403,47165020403,"Census Tract 204.03, Sumner County, Tennessee",1402,60.5,7.6
5532,1400000US47165020404,47165020404,"Census Tract 204.04, Sumner County, Tennessee",1666,57.9,4.1
5533,1400000US47165020405,47165020405,"Census Tract 204.05, Sumner County, Tennessee",1503,55.0,5.6
5534,1400000US47165020406,47165020406,"Census Tract 204.06, Sumner County, Tennessee",2825,57.9,5.4
5535,1400000US47165020407,47165020407,"Census Tract 204.07, Sumner County, Tennessee",3375,67.6,6.0
5536,1400000US47165020501,47165020501,"Census Tract 205.01, Sumner County, Tennessee",4056,61.8,5.2
5537,1400000US47165020502,47165020502,"Census Tract 205.02, Sumner County, Tennessee",3084,65.5,4.7
5538,1400000US47165020503,47165020503,"Census Tract 205.03, Sumner County, Tennessee",1549,63.3,0.7
5539,1400000US47165020601,47165020601,"Census Tract 206.01, Sumner County, Tennessee",2445,58.2,4.4
5540,1400000US47165020602,47165020602,"Census Tract 206.02, Sumner County, Tennessee",3521,70.0,3.4
5541,1400000US47165020603,47165020603,"Census Tract 206.03, Sumner County, Tennessee",3049,66.0,4.6
5542,1400000US47165020700,47165020700,"Census Tract 207, Sumner County, Tennessee",3530,42.2,3.0
5543,1400000US47165020800,47165020800,"Census Tract 208, Sumner County, Tennessee",5116,55.4,9.5
5544,1400000US47165020901,47165020901,"Census Tract 209.01, Sumner County, Tennessee",1284,64.5,3.9
5545,1400000US47165020902,47165020902,"Census Tract 209.02, Sumner County, Tennessee",5401,61.2,9.5
5546,1400000US47165020903,47165020903,"Census Tract 209.03, Sumner County, Tennessee",3267,54.9,7.0
5547,1400000US47165021002,47165021002,"Census Tract 210.02, Sumner County, Tennessee",5815,61.6,9.2
5548,1400000US47165021004,47165021004,"Census Tract 210.04, Sumner County, Tennessee",3283,68.0,7.0
5549,1400000US47165021005,47165021005,"Census Tract 210.05, Sumner County, Tennessee",5143,61.3,2.5
5550,1400000US47165021006,47165021006,"Census Tract 210.06, Sumner County, Tennessee",2418,64.3,1.6
5551,1400000US47165021007,47165021007,"Census Tract 210.07, Sumner County, Tennessee",1864,68.9,2.1
5552,1400000US47165021008,47165021008,"Census Tract 210.08, Sumner County, Tennessee",3250,64.8,9.2
5553,1400000US47165021009,47165021009,"Census Tract 210.09, Sumner County, Tennessee",4189,61.2,8.9
5554,1400000US47165021103,47165021103,"Census Tract 211.03, Sumner County, Tennessee",4819,63.4,4.5
5555,1400000US47165021104,47165021104,"Census Tract 211.04, Sumner County, Tennessee",1654,62.6,2.9
5556,1400000US47165021105,47165021105,"Census Tract 211.05, Sumner County, Tennessee",5355,76.3,2.2
5557,1400000US47165021106,47165021106,"Census Tract 211.06, Sumner County, Tennessee",3453,61.9,6.4
5558,1400000US47165021107,47165021107,"Census Tract 211.07, Sumner County, Tennessee",3763,65.7,7.7
5559,1400000US47165021201,47165021201,"Census Tract 212.01, Sumner County, Tennessee",5571,65.2,5.2
5560,1400000US47165021203,47165021203,"Census Tract 212.03, Sumner County, Tennessee",4579,64.3,6.3
5561,1400000US47165021204,47165021204,"Census Tract 212.04, Sumner County, Tennessee",6128,62.7,4.1
5562,1400000US47165021205,47165021205,"Census Tract 212.05, Sumner County, Tennessee",2056,58.3,3.1
5563,1400000US47167040100,47167040100,"Census Tract 401, Tipton County, Tennessee",4023,51.6,16.8
5564,1400000US47167040200,47167040200,"Census Tract 402, Tipton County, Tennessee",1649,45.8,9.9
5565,1400000US47167040302,47167040302,"Census Tract 403.02, Tipton County, Tennessee",7597,62.0,9.9
5566,1400000US47167040303,47167040303,"Census Tract 403.03, Tipton County, Tennessee",5020,58.7,3.9
5567,1400000US47167040304,47167040304,"Census Tract 403.04, Tipton County, Tennessee",4498,57.9,14.8
5568,1400000US47167040400,47167040400,"Census Tract 404, Tipton County, Tennessee",2360,61.4,5.5
5569,1400000US47167040500,47167040500,"Census Tract 405, Tipton County, Tennessee",5171,66.8,8.4
5570,1400000US47167040601,47167040601,"Census Tract 406.01, Tipton County, Tennessee",3795,51.6,9.7
5571,1400000US47167040602,47167040602,"Census Tract 406.02, Tipton County, Tennessee",2847,59.3,9.3
5572,1400000US47167040700,47167040700,"Census Tract 407, Tipton County, Tennessee",3839,43.5,18.9
5573,1400000US47167040800,47167040800,"Census Tract 408, Tipton County, Tennessee",3201,61.5,8.8
5574,1400000US47167040900,47167040900,"Census Tract 409, Tipton County, Tennessee",1365,58.8,7.4
5575,1400000US47167041000,47167041000,"Census Tract 410, Tipton County, Tennessee",2333,48.3,16.1
5576,1400000US47169090100,47169090100,"Census Tract 901, Trousdale County, Tennessee",3794,55.8,7.8
5577,1400000US47169090200,47169090200,"Census Tract 902, Trousdale County, Tennessee",2461,51.2,14.7
5578,1400000US47171080100,47171080100,"Census Tract 801, Unicoi County, Tennessee",2282,44.6,17.0
5579,1400000US47171080200,47171080200,"Census Tract 802, Unicoi County, Tennessee",5421,37.2,19.4
5580,1400000US47171080300,47171080300,"Census Tract 803, Unicoi County, Tennessee",4298,50.3,5.4
5581,1400000US47171080400,47171080400,"Census Tract 804, Unicoi County, Tennessee",3027,41.9,14.2
5582,1400000US47173040100,47173040100,"Census Tract 401, Union County, Tennessee",5454,47.1,10.2
5583,1400000US47173040201,47173040201,"Census Tract 402.01, Union County, Tennessee",3096,40.5,11.7
5584,1400000US47173040202,47173040202,"Census Tract 402.02, Union County, Tennessee",4598,44.3,8.2
5585,1400000US47173040300,47173040300,"Census Tract 403, Union County, Tennessee",2156,43.0,7.1
5586,1400000US47175925000,47175925000,"Census Tract 9250, Van Buren County, Tennessee",2081,50.0,11.3
5587,1400000US47175925200,47175925200,"Census Tract 9252, Van Buren County, Tennessee",2560,46.0,11.1
5588,1400000US47177930100,47177930100,"Census Tract 9301, Warren County, Tennessee",2845,58.1,10.4
5589,1400000US47177930200,47177930200,"Census Tract 9302, Warren County, Tennessee",5100,51.5,7.0
5590,1400000US47177930300,47177930300,"Census Tract 9303, Warren County, Tennessee",1986,60.7,6.4
5591,1400000US47177930400,47177930400,"Census Tract 9304, Warren County, Tennessee",4931,53.1,6.5
5592,1400000US47177930500,47177930500,"Census Tract 9305, Warren County, Tennessee",3931,43.5,5.4
5593,1400000US47177930600,47177930600,"Census Tract 9306, Warren County, Tennessee",2889,47.2,2.1
5594,1400000US47177930700,47177930700,"Census Tract 9307, Warren County, Tennessee",3995,56.4,7.3
5595,1400000US47177930800,47177930800,"Census Tract 9308, Warren County, Tennessee",4708,49.4,14.8
5596,1400000US47177930900,47177930900,"Census Tract 9309, Warren County, Tennessee",1155,46.7,8.5
5597,1400000US47179060100,47179060100,"Census Tract 601, Washington County, Tennessee",2902,57.4,11.9
5598,1400000US47179060400,47179060400,"Census Tract 604, Washington County, Tennessee",5526,53.4,3.7
5599,1400000US47179060501,47179060501,"Census Tract 605.01, Washington County, Tennessee",3903,52.1,10.0
5600,1400000US47179060502,47179060502,"Census Tract 605.02, Washington County, Tennessee",4812,59.7,5.2
5601,1400000US47179060600,47179060600,"Census Tract 606, Washington County, Tennessee",6306,57.2,6.4
5602,1400000US47179060700,47179060700,"Census Tract 607, Washington County, Tennessee",1963,32.6,17.3
5603,1400000US47179060800,47179060800,"Census Tract 608, Washington County, Tennessee",2816,57.4,10.2
5604,1400000US47179060900,47179060900,"Census Tract 609, Washington County, Tennessee",4927,45.3,13.0
5605,1400000US47179061000,47179061000,"Census Tract 610, Washington County, Tennessee",1829,48.5,9.7
5606,1400000US47179061100,47179061100,"Census Tract 611, Washington County, Tennessee",3773,50.6,2.0
5607,1400000US47179061200,47179061200,"Census Tract 612, Washington County, Tennessee",2748,56.1,7.3
5608,1400000US47179061300,47179061300,"Census Tract 613, Washington County, Tennessee",6413,61.5,3.8
5609,1400000US47179061401,47179061401,"Census Tract 614.01, Washington County, Tennessee",4715,61.6,2.4
5610,1400000US47179061402,47179061402,"Census Tract 614.02, Washington County, Tennessee",5160,63.9,2.9
5611,1400000US47179061500,47179061500,"Census Tract 615, Washington County, Tennessee",6122,58.8,4.8
5612,1400000US47179061601,47179061601,"Census Tract 616.01, Washington County, Tennessee",3325,58.3,7.2
5613,1400000US47179061602,47179061602,"Census Tract 616.02, Washington County, Tennessee",6996,60.8,4.8
5614,1400000US47179061701,47179061701,"Census Tract 617.01, Washington County, Tennessee",5424,53.0,6.2
5615,1400000US47179061702,47179061702,"Census Tract 617.02, Washington County, Tennessee",5767,55.0,3.7
5616,1400000US47179061800,47179061800,"Census Tract 618, Washington County, Tennessee",5391,49.5,7.9
5617,1400000US47179061901,47179061901,"Census Tract 619.01, Washington County, Tennessee",5256,51.3,9.7
5618,1400000US47179061902,47179061902,"Census Tract 619.02, Washington County, Tennessee",3787,56.8,5.0
5619,1400000US47179062000,47179062000,"Census Tract 620, Washington County, Tennessee",3209,54.4,5.6
5620,1400000US47181950100,47181950100,"Census Tract 9501, Wayne County, Tennessee",3905,22.1,11.1
5621,1400000US47181950200,47181950200,"Census Tract 9502, Wayne County, Tennessee",4685,45.3,13.0
5622,1400000US47181950300,47181950300,"Census Tract 9503, Wayne County, Tennessee",3073,52.4,10.4
5623,1400000US47181950400,47181950400,"Census Tract 9504, Wayne County, Tennessee",2512,44.1,14.0
5624,1400000US47183968000,47183968000,"Census Tract 9680, Weakley County, Tennessee",866,40.4,14.6
5625,1400000US47183968101,47183968101,"Census Tract 9681.01, Weakley County, Tennessee",2698,57.9,11.8
5626,1400000US47183968102,47183968102,"Census Tract 9681.02, Weakley County, Tennessee",1535,57.9,14.0
5627,1400000US47183968201,47183968201,"Census Tract 9682.01, Weakley County, Tennessee",3745,57.9,9.6
5628,1400000US47183968202,47183968202,"Census Tract 9682.02, Weakley County, Tennessee",2572,22.0,36.1
5629,1400000US47183968203,47183968203,"Census Tract 9682.03, Weakley County, Tennessee",2626,54.7,12.5
5630,1400000US47183968300,47183968300,"Census Tract 9683, Weakley County, Tennessee",1944,50.0,6.8
5631,1400000US47183968400,47183968400,"Census Tract 9684, Weakley County, Tennessee",4680,50.8,5.5
5632,1400000US47183968500,47183968500,"Census Tract 9685, Weakley County, Tennessee",3628,55.1,8.0
5633,1400000US47183968600,47183968600,"Census Tract 9686, Weakley County, Tennessee",2992,50.1,11.0
5634,1400000US47183968700,47183968700,"Census Tract 9687, Weakley County, Tennessee",1139,45.9,11.7
5635,1400000US47185935000,47185935000,"Census Tract 9350, White County, Tennessee",3162,41.3,8.7
5636,1400000US47185935100,47185935100,"Census Tract 9351, White County, Tennessee",4471,45.7,8.8
5637,1400000US47185935200,47185935200,"Census Tract 9352, White County, Tennessee",3301,48.6,13.7
5638,1400000US47185935300,47185935300,"Census Tract 9353, White County, Tennessee",4325,51.2,10.3
5639,1400000US47185935400,47185935400,"Census Tract 9354, White County, Tennessee",3108,43.5,8.2
5640,1400000US47185935500,47185935500,"Census Tract 9355, White County, Tennessee",2751,45.5,13.2
5641,1400000US47187050101,47187050101,"Census Tract 501.01, Williamson County, Tennessee",5910,66.0,2.6
5642,1400000US47187050102,47187050102,"Census Tract 501.02, Williamson County, Tennessee",3026,70.7,2.9
5643,1400000US47187050103,47187050103,"Census Tract 501.03, Williamson County, Tennessee",3452,62.0,3.6
5644,1400000US47187050203,47187050203,"Census Tract 502.03, Williamson County, Tennessee",4167,58.5,4.8
5645,1400000US47187050204,47187050204,"Census Tract 502.04, Williamson County, Tennessee",3829,69.1,1.7
5646,1400000US47187050205,47187050205,"Census Tract 502.05, Williamson County, Tennessee",2891,64.1,3.8
5647,1400000US47187050206,47187050206,"Census Tract 502.06, Williamson County, Tennessee",2160,61.8,5.8
5648,1400000US47187050207,47187050207,"Census Tract 502.07, Williamson County, Tennessee",2750,62.5,2.7
5649,1400000US47187050208,47187050208,"Census Tract 502.08, Williamson County, Tennessee",5730,67.6,6.2
5650,1400000US47187050303,47187050303,"Census Tract 503.03, Williamson County, Tennessee",2178,58.5,6.0
5651,1400000US47187050304,47187050304,"Census Tract 503.04, Williamson County, Tennessee",1478,45.9,2.6
5652,1400000US47187050305,47187050305,"Census Tract 503.05, Williamson County, Tennessee",2115,64.0,2.9
5653,1400000US47187050306,47187050306,"Census Tract 503.06, Williamson County, Tennessee",1518,67.7,0.6
5654,1400000US47187050307,47187050307,"Census Tract 503.07, Williamson County, Tennessee",2961,65.9,2.8
5655,1400000US47187050403,47187050403,"Census Tract 504.03, Williamson County, Tennessee",1494,60.4,4.9
5656,1400000US47187050404,47187050404,"Census Tract 504.04, Williamson County, Tennessee",5164,62.9,1.1
5657,1400000US47187050405,47187050405,"Census Tract 504.05, Williamson County, Tennessee",1986,61.6,3.8
5658,1400000US47187050406,47187050406,"Census Tract 504.06, Williamson County, Tennessee",4390,66.3,2.0
5659,1400000US47187050502,47187050502,"Census Tract 505.02, Williamson County, Tennessee",3127,59.5,5.6
5660,1400000US47187050503,47187050503,"Census Tract 505.03, Williamson County, Tennessee",3945,62.2,7.0
5661,1400000US47187050504,47187050504,"Census Tract 505.04, Williamson County, Tennessee",2860,71.6,5.1
5662,1400000US47187050601,47187050601,"Census Tract 506.01, Williamson County, Tennessee",4602,63.9,7.6
5663,1400000US47187050602,47187050602,"Census Tract 506.02, Williamson County, Tennessee",6942,65.9,4.6
5664,1400000US47187050701,47187050701,"Census Tract 507.01, Williamson County, Tennessee",3250,65.2,6.9
5665,1400000US47187050702,47187050702,"Census Tract 507.02, Williamson County, Tennessee",3016,69.6,3.3
5666,1400000US47187050800,47187050800,"Census Tract 508, Williamson County, Tennessee",4850,53.5,6.7
5667,1400000US47187050904,47187050904,"Census Tract 509.04, Williamson County, Tennessee",4481,69.4,7.1
5668,1400000US47187050905,47187050905,"Census Tract 509.05, Williamson County, Tennessee",4642,75.2,2.5
5669,1400000US47187050906,47187050906,"Census Tract 509.06, Williamson County, Tennessee",4189,67.9,2.9
5670,1400000US47187050907,47187050907,"Census Tract 509.07, Williamson County, Tennessee",4254,71.6,2.4
5671,1400000US47187050908,47187050908,"Census Tract 509.08, Williamson County, Tennessee",2563,63.6,3.3
5672,1400000US47187050909,47187050909,"Census Tract 509.09, Williamson County, Tennessee",2861,64.8,4.7
5673,1400000US47187051001,47187051001,"Census Tract 510.01, Williamson County, Tennessee",4960,66.5,2.4
5674,1400000US47187051002,47187051002,"Census Tract 510.02, Williamson County, Tennessee",5103,63.9,6.9
5675,1400000US47187051100,47187051100,"Census Tract 511, Williamson County, Tennessee",5301,65.5,5.5
5676,1400000US47187051201,47187051201,"Census Tract 512.01, Williamson County, Tennessee",4805,70.6,3.0
5677,1400000US47187051202,47187051202,"Census Tract 512.02, Williamson County, Tennessee",16400,68.1,4.3
5678,1400000US47189030101,47189030101,"Census Tract 301.01, Wilson County, Tennessee",6209,65.0,5.3
5679,1400000US47189030102,47189030102,"Census Tract 301.02, Wilson County, Tennessee",5310,61.8,6.4
5680,1400000US47189030202,47189030202,"Census Tract 302.02, Wilson County, Tennessee",5385,62.2,5.5
5681,1400000US47189030203,47189030203,"Census Tract 302.03, Wilson County, Tennessee",3863,65.9,4.0
5682,1400000US47189030204,47189030204,"Census Tract 302.04, Wilson County, Tennessee",5192,60.6,11.7
5683,1400000US47189030303,47189030303,"Census Tract 303.03, Wilson County, Tennessee",3457,62.6,0.7
5684,1400000US47189030304,47189030304,"Census Tract 303.04, Wilson County, Tennessee",4841,69.2,7.2
5685,1400000US47189030305,47189030305,"Census Tract 303.05, Wilson County, Tennessee",4750,63.4,2.2
5686,1400000US47189030307,47189030307,"Census Tract 303.07, Wilson County, Tennessee",5924,63.8,7.5
5687,1400000US47189030308,47189030308,"Census Tract 303.08, Wilson County, Tennessee",3355,73.6,4.1
5688,1400000US47189030309,47189030309,"Census Tract 303.09, Wilson County, Tennessee",4373,64.8,4.5
5689,1400000US47189030401,47189030401,"Census Tract 304.01, Wilson County, Tennessee",1818,60.5,5.9
5690,1400000US47189030402,47189030402,"Census Tract 304.02, Wilson County, Tennessee",3848,59.1,13.3
5691,1400000US47189030500,47189030500,"Census Tract 305, Wilson County, Tennessee",4959,52.5,6.6
5692,1400000US47189030600,47189030600,"Census Tract 306, Wilson County, Tennessee",3220,52.0,15.5
5693,1400000US47189030700,47189030700,"Census Tract 307, Wilson County, Tennessee",2409,43.0,17.2
5694,1400000US47189030800,47189030800,"Census Tract 308, Wilson County, Tennessee",5001,50.4,12.8
5695,1400000US47189030901,47189030901,"Census Tract 309.01, Wilson County, Tennessee",8071,69.1,3.0
5696,1400000US47189030903,47189030903,"Census Tract 309.03, Wilson County, Tennessee",6541,59.8,5.1
5697,1400000US47189030904,47189030904,"Census Tract 309.04, Wilson County, Tennessee",2885,58.4,0.9
5698,1400000US47189031000,47189031000,"Census Tract 310, Wilson County, Tennessee",4756,58.0,4.4
